30 30 8 8
20
3 4 5 6 7 8 9 10 
4 3 4 5 6 7 8 9 
5 4 3 4 5 6 7 8 
6 5 4 3 4 5 6 7 
7 6 5 4 3 4 5 6 
8 7 6 5 4 3 4 5 
9 8 7 6 5 4 3 4 
10 9 8 7 6 5 4 3 

221 256 271 7
15 48 58 8
100 134 145 8
69 97 110 7
89 122 134 9
164 197 211 8
192 217 231 10
42 72 87 5
135 173 183 9
208 236 250 5
174 209 220 10
175 211 221 6
92 126 141 6
144 178 190 10
14 49 59 6
91 121 131 7
103 135 148 8
97 128 138 10
93 118 133 9
17 46 57 9
151 188 201 5
169 207 220 8
72 104 114 7
80 119 132 7
124 157 169 9
127 162 173 9
125 151 162 10
153 188 201 8
180 211 226 7
5 32 42 8
69 104 114 8
176 215 227 9
82 114 129 6
121 151 161 8
159 185 199 7
232 265 278 7
169 201 212 10
148 181 193 10
113 140 155 10
62 96 107 10
115 150 164 9
194 231 246 10
240 272 282 9
78 116 131 5
232 271 283 9
180 212 226 10
108 140 155 9
234 268 280 8
81 114 128 8
25 54 68 6
89 116 126 9
193 230 242 9
124 155 167 10
84 123 138 10
222 257 272 8
29 58 73 5
103 131 142 9
45 70 82 9
198 230 242 6
238 268 282 9

6 0 20 0 0 0 0 0 0 0 55 0 0 0 0 39 9 0 29 22 0 0 7 50 28 0 0 0 0 0 
59 0 0 0 40 0 0 0 0 0 0 0 0 0 0 32 0 44 0 44 0 0 0 0 0 0 56 28 0 27 
0 8 0 47 51 0 14 22 0 0 0 0 0 60 0 0 0 0 0 29 0 0 0 0 0 0 57 50 0 0 
0 0 0 0 23 0 0 60 0 0 10 0 34 0 0 0 0 47 0 0 28 0 0 0 24 23 0 0 49 0 
0 0 9 0 0 0 0 0 52 0 0 13 0 0 0 16 0 0 0 0 0 0 0 0 0 6 0 25 0 0 
41 0 0 0 0 0 54 0 0 14 0 31 0 0 0 54 0 30 7 0 0 0 60 0 45 0 0 0 0 0 
6 54 41 27 0 0 39 12 0 55 23 0 0 0 0 39 0 27 0 45 0 35 0 0 0 19 0 0 0 0 
49 0 59 0 0 0 12 0 28 0 0 23 0 59 10 0 0 54 0 0 0 0 0 0 0 0 0 0 0 0 
11 0 0 0 33 23 0 0 0 0 0 14 0 0 0 0 0 36 0 0 0 0 0 25 0 0 0 0 0 20 
41 0 0 0 22 0 33 13 0 0 0 0 0 46 0 0 36 0 0 0 0 0 0 0 0 0 31 20 0 0 
0 0 52 0 0 0 47 0 30 16 0 0 0 59 0 0 0 0 0 0 0 0 0 0 43 0 58 0 0 0 
0 0 0 0 0 0 0 0 49 0 48 0 0 0 8 0 43 0 53 0 0 0 0 0 53 54 0 0 49 9 
57 0 0 0 0 0 0 0 0 0 0 0 47 0 0 22 6 0 26 0 0 0 0 43 0 31 0 54 21 0 
0 0 0 0 0 0 31 0 25 25 0 0 28 46 0 0 46 34 0 56 53 37 0 15 38 45 0 0 0 0 
0 0 0 0 0 0 45 14 0 0 0 45 0 23 0 0 0 0 47 0 0 0 0 10 57 0 54 0 25 0 
0 24 0 0 0 0 0 0 44 0 0 0 47 0 0 0 38 0 0 30 50 32 0 0 58 0 0 0 48 26 
31 0 0 35 0 0 49 0 20 0 0 0 7 0 46 0 6 0 0 0 35 38 57 23 16 0 0 0 17 0 
0 0 0 0 0 0 17 0 0 0 0 0 0 0 14 0 0 48 0 31 31 0 0 45 7 10 0 0 0 0 
0 0 0 0 0 60 0 0 0 0 60 0 0 0 0 0 31 12 55 0 0 0 0 0 0 0 0 0 0 0 
0 0 0 0 0 22 6 43 0 0 0 0 38 0 53 0 0 0 0 9 19 54 21 0 0 0 25 0 54 0 
0 10 0 0 0 0 55 0 45 0 0 0 0 0 0 0 0 0 59 0 6 24 0 0 30 0 0 27 0 0 
0 0 0 0 0 0 0 0 26 0 0 0 0 11 59 0 0 35 52 0 0 0 0 0 0 0 0 0 0 41 
0 0 0 0 0 0 0 0 20 37 0 45 0 0 0 39 0 0 0 57 0 0 0 0 13 0 0 0 0 0 
0 45 0 19 17 0 0 51 0 0 36 0 0 58 0 0 0 0 32 0 0 18 0 0 21 37 49 0 0 0 
0 0 43 0 37 56 0 53 44 0 52 12 59 0 0 0 0 0 43 0 0 0 0 0 0 0 37 0 52 0 
0 0 57 0 0 0 0 0 13 0 0 0 0 0 0 0 0 0 0 25 0 0 0 31 41 0 0 23 51 0 
0 0 22 8 6 0 49 0 0 42 0 0 0 9 7 0 0 0 7 0 35 0 0 0 0 10 0 0 0 0 
0 48 0 0 23 0 0 0 0 0 0 0 0 19 0 44 0 0 41 0 0 0 0 0 0 0 0 0 0 58 
0 0 0 0 0 0 0 0 0 54 29 12 0 0 0 25 0 28 0 0 0 22 0 47 0 40 20 0 0 0 
0 0 0 58 0 27 0 0 0 0 42 0 0 29 0 0 0 0 0 0 0 0 0 0 0 18 0 0 0 30 

18 0 23 0 0 0 0 0 0 0 20 0 0 0 0 25 15 0 17 25 0 0 24 16 21 0 0 0 0 0 
15 0 0 0 18 0 0 0 0 0 0 0 0 0 0 23 0 25 0 16 0 0 0 0 0 0 20 25 0 24 
0 22 0 24 24 0 17 17 0 0 0 0 0 23 0 0 0 0 0 16 0 0 0 0 0 0 24 22 0 0 
0 0 0 0 16 0 0 20 0 0 17 0 17 0 0 0 0 19 0 0 16 0 0 0 21 20 0 0 22 0 
0 0 19 0 0 0 0 0 22 0 0 19 0 0 0 17 0 0 0 0 0 0 0 0 0 24 0 22 0 0 
15 0 0 0 0 0 19 0 0 19 0 21 0 0 0 16 0 20 25 0 0 0 16 0 24 0 0 0 0 0 
23 15 24 23 0 0 22 22 0 23 17 0 0 0 0 15 0 16 0 24 0 17 0 0 0 17 0 0 0 0 
18 0 21 0 0 0 19 0 17 0 0 21 0 22 23 0 0 24 0 0 0 0 0 0 0 0 0 0 0 0 
18 0 0 0 17 17 0 0 0 0 0 23 0 0 0 0 0 24 0 0 0 0 0 16 0 0 0 0 0 19 
20 0 0 0 23 0 25 25 0 0 0 0 0 24 0 0 23 0 0 0 0 0 0 0 0 0 20 18 0 0 
0 0 18 0 0 0 19 0 20 15 0 0 0 19 0 0 0 0 0 0 0 0 0 0 18 0 22 0 0 0 
0 0 0 0 0 0 0 0 15 0 20 0 0 0 25 0 25 0 19 0 0 0 0 0 25 15 0 0 15 25 
21 0 0 0 0 0 0 0 0 0 0 0 20 0 0 22 19 0 16 0 0 0 0 19 0 25 0 22 17 0 
0 0 0 0 0 0 24 0 24 17 0 0 21 17 0 0 15 15 0 25 18 17 0 17 22 18 0 0 0 0 
0 0 0 0 0 0 22 19 0 0 0 24 0 24 0 0 0 0 21 0 0 0 0 22 23 0 15 0 16 0 
0 23 0 0 0 0 0 0 15 0 0 0 18 0 0 0 15 0 0 22 18 25 0 0 22 0 0 0 25 22 
22 0 0 20 0 0 21 0 15 0 0 0 24 0 24 0 19 0 0 0 25 15 23 16 24 0 0 0 15 0 
0 0 0 0 0 0 17 0 0 0 0 0 0 0 15 0 0 17 0 16 23 0 0 23 21 23 0 0 0 0 
0 0 0 0 0 15 0 0 0 0 21 0 0 0 0 0 19 25 25 0 0 0 0 0 0 0 0 0 0 0 
0 0 0 0 0 15 17 25 0 0 0 0 17 0 18 0 0 0 0 15 15 25 23 0 0 0 15 0 24 0 
0 22 0 0 0 0 19 0 24 0 0 0 0 0 0 0 0 0 18 0 22 16 0 0 17 0 0 18 0 0 
0 0 0 0 0 0 0 0 19 0 0 0 0 23 17 0 0 24 22 0 0 0 0 0 0 0 0 0 0 18 
0 0 0 0 0 0 0 0 21 18 0 22 0 0 0 16 0 0 0 20 0 0 0 0 21 0 0 0 0 0 
0 24 0 22 23 0 0 20 0 0 24 0 0 25 0 0 0 0 16 0 0 23 0 0 19 21 17 0 0 0 
0 0 25 0 17 20 0 17 20 0 25 19 19 0 0 0 0 0 19 0 0 0 0 0 0 0 17 0 25 0 
0 0 17 0 0 0 0 0 19 0 0 0 0 0 0 0 0 0 0 22 0 0 0 20 25 0 0 25 22 0 
0 0 15 21 23 0 20 0 0 25 0 0 0 24 18 0 0 0 25 0 20 0 0 0 0 17 0 0 0 0 
0 21 0 0 25 0 0 0 0 0 0 0 0 15 0 24 0 0 19 0 0 0 0 0 0 0 0 0 0 22 
0 0 0 0 0 0 0 0 0 24 20 17 0 0 0 22 0 24 0 0 0 21 0 23 0 22 24 0 0 0 
0 0 0 16 0 25 0 0 0 0 20 0 0 22 0 0 0 0 0 0 0 0 0 0 0 19 0 0 0 24 
