40 40 8 8
20
3 4 5 6 7 8 9 10 
4 3 4 5 6 7 8 9 
5 4 3 4 5 6 7 8 
6 5 4 3 4 5 6 7 
7 6 5 4 3 4 5 6 
8 7 6 5 4 3 4 5 
9 8 7 6 5 4 3 4 
10 9 8 7 6 5 4 3 

146 181 196 7
240 273 283 8
25 59 70 8
69 97 110 7
164 197 209 9
14 47 61 8
192 217 231 10
42 72 87 5
60 98 108 9
133 161 175 5
249 284 295 10
250 286 296 6
17 51 66 6
144 178 190 10
14 49 59 6
241 271 281 7
103 135 148 8
22 53 63 10
243 268 283 9
17 46 57 9
151 188 201 5
94 132 145 8
147 179 189 7
5 44 57 7
124 157 169 9
277 312 323 9
275 301 312 10
153 188 201 8
30 61 76 7
155 182 192 8
219 246 256 8
297 337 349 9
88 125 140 6
4 30 40 8
38 66 80 7
274 309 322 7
204 234 245 10
67 100 112 10
93 132 147 10
111 137 148 10
255 290 304 9
67 106 121 10
75 107 117 9
108 138 153 5
243 269 281 9
232 265 279 10
245 277 292 9
48 81 93 8
250 277 291 8
194 228 242 6
220 255 265 9
123 160 172 9
84 116 128 10
243 281 296 10
307 346 361 8
205 237 252 5
284 316 327 9
130 164 176 9
285 318 330 6
44 73 87 9
60 87 100 10
155 192 205 7
163 194 205 7
32 71 83 9
146 181 196 6
159 188 203 9
92 120 131 10
247 272 282 8
123 155 165 8
29 59 72 6
248 278 292 9
214 248 262 8
193 224 235 9
47 85 96 10
219 250 263 10
62 95 107 6
53 80 93 7
194 233 244 9
248 278 293 9
116 155 168 10

6 0 20 0 0 0 0 0 0 0 55 0 0 0 0 39 9 0 29 22 0 0 7 50 28 0 0 0 0 0 59 0 0 0 40 0 0 0 0 0 
0 0 0 0 0 32 0 44 0 44 0 0 0 0 0 0 56 28 0 27 0 8 0 47 51 0 14 22 0 0 0 0 0 60 0 0 0 0 0 29 
0 0 0 0 0 0 57 50 0 0 0 0 0 0 23 0 0 60 0 0 10 0 34 0 0 0 0 47 0 0 28 0 0 0 24 23 0 0 49 0 
0 0 9 0 0 0 0 0 52 0 0 13 0 0 0 16 0 0 0 0 0 0 0 0 0 6 0 25 0 0 41 0 0 0 0 0 54 0 0 14 
0 31 0 0 0 54 0 30 7 0 0 0 60 0 45 0 0 0 0 0 6 54 41 27 0 0 39 12 0 55 23 0 0 0 0 39 0 27 0 45 
0 35 0 0 0 19 0 0 0 0 49 0 59 0 0 0 12 0 28 0 0 23 0 59 10 0 0 54 0 0 0 0 0 0 0 0 0 0 0 0 
11 0 0 0 33 23 0 0 0 0 0 14 0 0 0 0 0 36 0 0 0 0 0 25 0 0 0 0 0 20 41 0 0 0 22 0 33 13 0 0 
0 0 0 46 0 0 36 0 0 0 0 0 0 0 0 0 31 20 0 0 0 0 52 0 0 0 47 0 30 16 0 0 0 59 0 0 0 0 0 0 
0 0 0 0 43 0 58 0 0 0 0 0 0 0 0 0 0 0 49 0 48 0 0 0 8 0 43 0 53 0 0 0 0 0 53 54 0 0 49 9 
57 0 0 0 0 0 0 0 0 0 0 0 47 0 0 22 6 0 26 0 0 0 0 43 0 31 0 54 21 0 0 0 0 0 0 0 31 0 25 25 
0 0 28 46 0 0 46 34 0 56 53 37 0 15 38 45 0 0 0 0 0 0 0 0 0 0 45 14 0 0 0 45 0 23 0 0 0 0 47 0 
0 0 0 10 57 0 54 0 25 0 0 24 0 0 0 0 0 0 44 0 0 0 47 0 0 0 38 0 0 30 50 32 0 0 58 0 0 0 48 26 
31 0 0 35 0 0 49 0 20 0 0 0 7 0 46 0 6 0 0 0 35 38 57 23 16 0 0 0 17 0 0 0 0 0 0 0 17 0 0 0 
0 0 0 0 14 0 0 48 0 31 31 0 0 45 7 10 0 0 0 0 0 0 0 0 0 60 0 0 0 0 60 0 0 0 0 0 31 12 55 0 
0 0 0 0 0 0 0 0 0 0 0 0 0 0 0 22 6 43 0 0 0 0 38 0 53 0 0 0 0 9 19 54 21 0 0 0 25 0 54 0 
0 10 0 0 0 0 55 0 45 0 0 0 0 0 0 0 0 0 59 0 6 24 0 0 30 0 0 27 0 0 0 0 0 0 0 0 0 0 26 0 
0 0 0 11 59 0 0 35 52 0 0 0 0 0 0 0 0 0 0 41 0 0 0 0 0 0 0 0 20 37 0 45 0 0 0 39 0 0 0 57 
0 0 0 0 13 0 0 0 0 0 0 45 0 19 17 0 0 51 0 0 36 0 0 58 0 0 0 0 32 0 0 18 0 0 21 37 49 0 0 0 
0 0 43 0 37 56 0 53 44 0 52 12 59 0 0 0 0 0 43 0 0 0 0 0 0 0 37 0 52 0 0 0 57 0 0 0 0 0 13 0 
0 0 0 0 0 0 0 0 0 25 0 0 0 31 41 0 0 23 51 0 0 0 22 8 6 0 49 0 0 42 0 0 0 9 7 0 0 0 7 0 
35 0 0 0 0 10 0 0 0 0 0 48 0 0 23 0 0 0 0 0 0 0 0 19 0 44 0 0 41 0 0 0 0 0 0 0 0 0 0 58 
0 0 0 0 0 0 0 0 0 54 29 12 0 0 0 25 0 28 0 0 0 22 0 47 0 40 20 0 0 0 0 0 0 58 0 27 0 0 0 0 
42 0 0 29 0 0 0 0 0 0 0 0 0 0 0 18 0 0 0 30 0 0 38 0 0 44 50 22 24 0 47 0 0 0 0 0 0 6 0 0 
0 0 18 42 0 21 0 50 0 17 0 0 13 49 27 0 0 0 52 0 0 0 0 0 0 40 0 49 0 0 0 18 0 0 0 0 9 0 0 10 
0 39 0 0 0 21 0 0 0 0 0 0 0 0 41 0 30 0 0 20 21 56 0 16 0 0 0 0 0 0 55 0 0 20 19 59 6 0 0 0 
0 20 0 57 0 11 38 54 28 0 0 0 0 0 46 48 43 0 0 49 0 0 0 0 0 0 0 0 0 0 27 0 13 23 0 0 0 56 0 0 
0 0 31 0 0 0 0 0 12 0 0 50 37 0 44 0 0 41 0 0 39 7 0 58 0 0 0 0 0 0 0 0 20 0 0 0 32 0 0 21 
0 0 11 0 16 0 0 0 16 0 0 0 0 34 0 26 59 20 0 0 0 0 0 0 0 0 23 0 35 16 0 0 0 0 0 45 0 23 0 0 
0 0 14 0 0 0 23 0 0 0 0 8 0 0 0 0 15 13 0 0 0 0 0 0 42 0 0 0 0 0 0 0 0 20 0 8 0 0 0 0 
0 30 0 0 0 34 0 0 0 0 0 39 52 0 0 54 0 0 0 59 39 0 0 0 41 0 51 0 10 58 11 18 0 0 40 10 0 58 0 0 
0 0 0 53 0 0 0 0 0 0 0 0 0 0 0 43 0 0 13 0 0 21 32 45 0 0 50 21 27 0 0 0 0 52 0 0 0 7 0 16 
60 11 0 0 0 20 51 26 0 25 55 0 0 0 19 0 39 8 19 0 57 0 0 0 0 0 0 0 42 15 0 0 0 57 0 0 0 0 0 0 
29 0 0 0 0 29 14 50 0 0 0 54 0 0 0 0 0 26 0 51 0 0 0 0 0 0 0 40 35 7 0 0 0 0 0 7 0 18 0 0 
0 43 0 32 0 0 0 0 0 0 0 0 0 0 59 0 0 42 0 57 0 27 41 45 0 0 0 19 0 0 0 0 17 52 25 0 25 22 20 0 
0 0 26 15 33 52 0 39 0 55 0 0 0 46 56 0 0 0 0 26 0 0 0 0 0 0 54 0 22 18 47 41 0 0 44 0 0 0 60 12 
0 0 0 0 0 46 0 0 0 0 12 53 0 0 12 8 33 54 0 0 0 0 57 0 0 0 11 0 0 0 0 0 0 0 0 59 0 0 0 0 
53 0 15 0 27 54 51 6 0 0 47 0 48 0 39 0 0 0 0 0 0 0 0 0 0 21 49 0 14 0 0 0 0 21 0 0 0 0 43 22 
0 32 0 0 0 0 30 0 0 0 0 0 0 0 0 0 0 0 0 0 0 0 0 39 32 24 26 0 0 0 0 55 0 27 20 0 0 0 44 47 
0 25 57 0 0 16 0 0 0 0 33 0 0 0 0 0 0 0 0 0 0 46 40 0 0 0 0 0 27 0 26 0 0 19 0 14 0 45 28 52 
51 0 21 0 0 0 0 0 15 0 0 0 9 0 40 46 0 0 0 0 50 49 21 0 0 0 0 50 0 0 41 0 43 49 0 0 0 0 27 0 

18 0 23 0 0 0 0 0 0 0 20 0 0 0 0 25 15 0 17 25 0 0 24 16 21 0 0 0 0 0 15 0 0 0 18 0 0 0 0 0 
0 0 0 0 0 23 0 25 0 16 0 0 0 0 0 0 20 25 0 24 0 22 0 24 24 0 17 17 0 0 0 0 0 23 0 0 0 0 0 16 
0 0 0 0 0 0 24 22 0 0 0 0 0 0 16 0 0 20 0 0 17 0 17 0 0 0 0 19 0 0 16 0 0 0 21 20 0 0 22 0 
0 0 19 0 0 0 0 0 22 0 0 19 0 0 0 17 0 0 0 0 0 0 0 0 0 24 0 22 0 0 15 0 0 0 0 0 19 0 0 19 
0 21 0 0 0 16 0 20 25 0 0 0 16 0 24 0 0 0 0 0 23 15 24 23 0 0 22 22 0 23 17 0 0 0 0 15 0 16 0 24 
0 17 0 0 0 17 0 0 0 0 18 0 21 0 0 0 19 0 17 0 0 21 0 22 23 0 0 24 0 0 0 0 0 0 0 0 0 0 0 0 
18 0 0 0 17 17 0 0 0 0 0 23 0 0 0 0 0 24 0 0 0 0 0 16 0 0 0 0 0 19 20 0 0 0 23 0 25 25 0 0 
0 0 0 24 0 0 23 0 0 0 0 0 0 0 0 0 20 18 0 0 0 0 18 0 0 0 19 0 20 15 0 0 0 19 0 0 0 0 0 0 
0 0 0 0 18 0 22 0 0 0 0 0 0 0 0 0 0 0 15 0 20 0 0 0 25 0 25 0 19 0 0 0 0 0 25 15 0 0 15 25 
21 0 0 0 0 0 0 0 0 0 0 0 20 0 0 22 19 0 16 0 0 0 0 19 0 25 0 22 17 0 0 0 0 0 0 0 24 0 24 17 
0 0 21 17 0 0 15 15 0 25 18 17 0 17 22 18 0 0 0 0 0 0 0 0 0 0 22 19 0 0 0 24 0 24 0 0 0 0 21 0 
0 0 0 22 23 0 15 0 16 0 0 23 0 0 0 0 0 0 15 0 0 0 18 0 0 0 15 0 0 22 18 25 0 0 22 0 0 0 25 22 
22 0 0 20 0 0 21 0 15 0 0 0 24 0 24 0 19 0 0 0 25 15 23 16 24 0 0 0 15 0 0 0 0 0 0 0 17 0 0 0 
0 0 0 0 15 0 0 17 0 16 23 0 0 23 21 23 0 0 0 0 0 0 0 0 0 15 0 0 0 0 21 0 0 0 0 0 19 25 25 0 
0 0 0 0 0 0 0 0 0 0 0 0 0 0 0 15 17 25 0 0 0 0 17 0 18 0 0 0 0 15 15 25 23 0 0 0 15 0 24 0 
0 22 0 0 0 0 19 0 24 0 0 0 0 0 0 0 0 0 18 0 22 16 0 0 17 0 0 18 0 0 0 0 0 0 0 0 0 0 19 0 
0 0 0 23 17 0 0 24 22 0 0 0 0 0 0 0 0 0 0 18 0 0 0 0 0 0 0 0 21 18 0 22 0 0 0 16 0 0 0 20 
0 0 0 0 21 0 0 0 0 0 0 24 0 22 23 0 0 20 0 0 24 0 0 25 0 0 0 0 16 0 0 23 0 0 19 21 17 0 0 0 
0 0 25 0 17 20 0 17 20 0 25 19 19 0 0 0 0 0 19 0 0 0 0 0 0 0 17 0 25 0 0 0 17 0 0 0 0 0 19 0 
0 0 0 0 0 0 0 0 0 22 0 0 0 20 25 0 0 25 22 0 0 0 15 21 23 0 20 0 0 25 0 0 0 24 18 0 0 0 25 0 
20 0 0 0 0 17 0 0 0 0 0 21 0 0 25 0 0 0 0 0 0 0 0 15 0 24 0 0 19 0 0 0 0 0 0 0 0 0 0 22 
0 0 0 0 0 0 0 0 0 24 20 17 0 0 0 22 0 24 0 0 0 21 0 23 0 22 24 0 0 0 0 0 0 16 0 25 0 0 0 0 
20 0 0 22 0 0 0 0 0 0 0 0 0 0 0 19 0 0 0 24 0 0 18 0 0 22 18 20 17 0 19 0 0 0 0 0 0 23 0 0 
0 0 20 19 0 25 0 22 0 22 0 0 18 16 17 0 0 0 17 0 0 0 0 0 0 22 0 23 0 0 0 21 0 0 0 0 18 0 0 15 
0 25 0 0 0 23 0 0 0 0 0 0 0 0 17 0 18 0 0 23 22 19 0 24 0 0 0 0 0 0 23 0 0 20 17 20 20 0 0 0 
0 15 0 17 0 18 19 18 19 0 0 0 0 0 19 23 17 0 0 24 0 0 0 0 0 0 0 0 0 0 25 0 25 20 0 0 0 24 0 0 
0 0 19 0 0 0 0 0 18 0 0 17 25 0 20 0 0 20 0 0 16 20 0 18 0 0 0 0 0 0 0 0 16 0 0 0 23 0 0 15 
0 0 20 0 16 0 0 0 18 0 0 0 0 25 0 22 21 17 0 0 0 0 0 0 0 0 20 0 24 21 0 0 0 0 0 22 0 22 0 0 
0 0 18 0 0 0 20 0 0 0 0 24 0 0 0 0 19 23 0 0 0 0 0 0 25 0 0 0 0 0 0 0 0 18 0 18 0 0 0 0 
0 23 0 0 0 15 0 0 0 0 0 19 18 0 0 16 0 0 0 23 18 0 0 0 17 0 22 0 18 19 25 20 0 0 23 18 0 21 0 0 
0 0 0 16 0 0 0 0 0 0 0 0 0 0 0 24 0 0 16 0 0 16 22 23 0 0 19 20 22 0 0 0 0 19 0 0 0 17 0 19 
16 25 0 0 0 24 15 15 0 20 25 0 0 0 19 0 15 20 23 0 24 0 0 0 0 0 0 0 19 17 0 0 0 18 0 0 0 0 0 0 
22 0 0 0 0 22 17 19 0 0 0 23 0 0 0 0 0 22 0 19 0 0 0 0 0 0 0 21 20 23 0 0 0 0 0 19 0 21 0 0 
0 17 0 15 0 0 0 0 0 0 0 0 0 0 24 0 0 21 0 15 0 20 24 22 0 0 0 23 0 0 0 0 19 15 24 0 19 21 24 0 
0 0 20 24 24 15 0 20 0 20 0 0 0 22 24 0 0 0 0 23 0 0 0 0 0 0 20 0 23 25 20 16 0 0 23 0 0 0 22 20 
0 0 0 0 0 24 0 0 0 0 21 23 0 0 18 24 20 23 0 0 0 0 25 0 0 0 19 0 0 0 0 0 0 0 0 18 0 0 0 0 
24 0 19 0 19 16 16 24 0 0 25 0 19 0 17 0 0 0 0 0 0 0 0 0 0 18 18 0 17 0 0 0 0 25 0 0 0 0 19 15 
0 15 0 0 0 0 18 0 0 0 0 0 0 0 0 0 0 0 0 0 0 0 0 19 21 19 25 0 0 0 0 17 0 21 18 0 0 0 21 19 
0 18 23 0 0 24 0 0 0 0 24 0 0 0 0 0 0 0 0 0 0 24 23 0 0 0 0 0 20 0 23 0 0 21 0 18 0 23 22 16 
21 0 23 0 0 0 0 0 22 0 0 0 15 0 18 25 0 0 0 0 21 17 24 0 0 0 0 24 0 0 18 0 23 18 0 0 0 0 16 0 
