60 60 10 10
20
3 4 5 6 7 8 9 10 11 12 
4 3 4 5 6 7 8 9 10 11 
5 4 3 4 5 6 7 8 9 10 
6 5 4 3 4 5 6 7 8 9 
7 6 5 4 3 4 5 6 7 8 
8 7 6 5 4 3 4 5 6 7 
9 8 7 6 5 4 3 4 5 6 
10 9 8 7 6 5 4 3 4 5 
11 10 9 8 7 6 5 4 3 4 
12 11 10 9 8 7 6 5 4 3 

86 121 136 7
60 93 103 8
325 359 370 8
249 277 290 7
224 257 269 9
74 107 121 8
12 37 51 10
222 252 267 5
360 398 408 9
73 101 115 5
129 164 175 10
130 166 176 6
317 351 366 6
144 178 190 10
14 49 59 6
181 211 221 7
103 135 148 8
322 353 363 10
3 28 43 9
197 226 237 9
151 188 201 5
214 252 265 8
27 59 69 7
125 164 177 7
124 157 169 9
37 72 83 9
35 61 72 10
333 368 381 8
270 301 316 7
95 122 132 8
339 366 376 8
237 277 289 9
88 125 140 6
304 330 340 8
98 126 140 7
34 69 82 7
144 174 185 10
7 40 52 10
273 312 327 10
111 137 148 10
286 324 338 9
330 365 380 10
186 219 229 9
24 60 75 5
64 103 115 9
286 318 332 10
199 232 247 9
250 286 298 8
282 308 322 8
185 221 235 6
85 125 135 9
346 371 383 9
329 359 371 10
241 270 285 10
262 301 316 8
44 70 85 5
312 342 353 9
315 355 367 9
58 97 109 6
49 78 92 9
331 366 379 10
224 263 276 7
61 93 104 7
190 220 232 9
130 156 171 6
249 282 297 9
286 318 329 10
309 342 352 8
285 312 322 8
171 205 218 6
335 370 384 9
178 215 229 8
24 56 67 9
150 188 199 10
216 255 268 10
217 249 261 6
178 210 223 7
323 357 368 9
86 119 134 9
91 120 133 10
308 335 347 6
364 401 416 9
285 316 329 8
242 281 294 5
233 268 279 6
296 325 336 7
263 291 306 5
362 387 397 7
317 349 359 8
283 313 327 10
91 121 133 10
122 156 167 10
222 253 266 6
321 359 373 6
180 211 226 8
325 358 368 5
200 227 240 10
287 326 338 6
133 163 178 5
175 214 229 5
40 73 83 8
46 72 85 9
273 300 314 5
87 122 133 8
237 269 281 8
136 161 174 10
218 251 265 6
95 123 133 5
60 95 105 5
72 110 125 10
150 176 188 10
124 149 160 7
339 378 390 9
138 176 186 5
136 173 187 6
36 64 75 8
252 279 294 7
182 210 222 6
362 402 413 5
319 346 356 6

6 20 55 39 9 29 22 7 50 28 59 40 32 44 44 56 28 27 8 47 51 14 22 60 29 57 50 23 60 10 34 47 28 24 23 49 9 52 13 16 6 25 41 54 14 31 54 30 7 60 45 6 54 41 27 39 12 55 23 39 
27 45 35 19 49 59 12 28 23 59 10 54 11 33 23 14 36 25 20 41 22 33 13 46 36 31 20 52 47 30 16 59 43 58 49 48 8 43 53 53 54 49 9 57 47 22 6 26 43 31 54 21 31 25 25 28 46 46 34 56 
53 37 15 38 45 45 14 45 23 47 10 57 54 25 24 44 47 38 30 50 32 58 48 26 31 35 49 20 7 46 6 35 38 57 23 16 17 17 14 48 31 31 45 7 10 60 60 31 12 55 22 6 43 38 53 9 19 54 21 25 
54 10 55 45 59 6 24 30 27 26 11 59 35 52 41 20 37 45 39 57 13 45 19 17 51 36 58 32 18 21 37 49 43 37 56 53 44 52 12 59 43 37 52 57 13 25 31 41 23 51 22 8 6 49 42 9 7 7 35 10 
48 23 19 44 41 58 54 29 12 25 28 22 47 40 20 58 27 42 29 18 30 38 44 50 22 24 47 6 18 42 21 50 17 13 49 27 52 40 49 18 9 10 39 21 41 30 20 21 56 16 55 20 19 59 6 20 57 11 38 54 
28 46 48 43 49 27 13 23 56 31 12 50 37 44 41 39 7 58 20 32 21 11 16 16 34 26 59 20 23 35 16 45 23 14 23 8 15 13 42 20 8 30 34 39 52 54 59 39 41 51 10 58 11 18 40 10 58 53 43 13 
21 32 45 50 21 27 52 7 16 60 11 20 51 26 25 55 19 39 8 19 57 42 15 57 29 29 14 50 54 26 51 40 35 7 7 18 43 32 59 42 57 27 41 45 19 17 52 25 25 22 20 26 15 33 52 39 55 46 56 26 
54 22 18 47 41 44 60 12 46 12 53 12 8 33 54 57 11 59 53 15 27 54 51 6 47 48 39 21 49 14 21 43 22 32 30 39 32 24 26 55 27 20 44 47 25 57 16 33 46 40 27 26 19 14 45 28 52 51 21 15 
9 40 46 50 49 21 50 41 43 49 27 33 17 60 42 50 9 45 46 59 12 53 45 23 26 41 10 42 32 26 57 58 27 39 14 46 22 7 54 54 29 22 35 34 12 53 11 30 50 37 51 12 41 45 26 47 59 32 47 30 
11 41 36 32 10 42 14 53 48 15 35 9 7 34 17 53 51 26 21 17 59 56 15 48 47 19 28 31 18 31 25 52 38 25 23 12 40 33 52 40 23 60 23 27 50 57 42 49 39 12 14 16 50 31 50 21 45 9 9 33 
42 47 34 27 7 31 43 17 8 25 47 54 57 44 47 29 48 50 52 53 44 13 22 14 46 44 45 22 35 25 60 18 18 60 18 23 41 45 50 53 35 46 59 6 16 23 23 51 20 54 39 28 12 28 53 50 25 39 15 30 
39 28 49 33 13 13 59 32 58 9 7 32 44 9 12 53 8 58 18 25 29 40 33 9 6 40 43 42 27 27 16 58 54 34 21 41 23 51 38 8 38 19 31 60 14 28 25 41 48 16 28 51 23 37 28 12 11 55 53 43 
11 35 31 18 17 11 9 9 40 58 6 54 17 54 58 38 30 14 35 15 41 55 16 6 17 35 31 36 37 59 46 55 10 56 7 56 11 11 47 25 9 10 51 56 15 33 23 9 16 14 16 36 35 53 28 14 28 41 11 8 
46 41 36 44 24 56 26 26 7 36 43 12 6 28 26 35 31 58 52 14 36 29 17 6 39 25 42 48 60 31 17 9 59 40 44 32 50 33 20 55 33 45 48 56 43 6 52 16 39 30 39 25 31 9 30 42 35 53 9 35 
59 22 43 50 35 60 45 34 16 39 37 51 57 60 21 44 7 21 57 39 41 54 32 45 26 53 45 43 27 45 12 51 23 39 35 38 55 39 40 21 10 46 17 37 8 43 37 41 48 20 36 40 41 30 24 40 15 45 29 59 
11 33 32 11 37 27 9 56 7 19 33 6 7 52 39 58 7 20 25 33 31 49 56 43 22 16 16 34 17 40 20 38 16 7 10 8 48 56 25 18 15 30 34 31 29 24 53 31 24 11 31 30 19 36 10 10 59 13 25 46 
36 40 19 48 51 8 44 51 17 29 39 10 44 6 28 35 33 28 33 31 29 39 11 42 22 33 17 39 53 7 27 32 25 58 29 7 14 25 33 9 31 23 42 54 19 36 18 53 31 9 8 58 17 36 54 41 8 19 52 53 
12 54 10 26 13 37 43 21 54 23 51 59 46 36 17 26 59 11 26 47 50 18 35 11 23 8 44 14 48 13 57 12 8 52 58 7 40 20 14 8 43 47 56 45 53 8 22 45 19 17 19 24 26 24 43 28 10 28 12 60 
10 48 60 49 37 29 52 25 37 16 47 24 9 40 15 54 39 35 18 11 15 7 59 11 33 45 51 19 53 39 21 45 37 7 30 30 20 22 21 22 24 46 25 55 11 22 55 60 32 23 16 39 21 10 16 49 36 34 40 42 
35 14 58 52 31 40 13 27 28 46 20 13 35 52 48 34 60 16 35 9 46 45 7 26 20 39 33 23 42 48 41 14 50 7 10 22 45 11 53 37 39 8 19 57 41 27 55 29 25 42 12 24 44 12 46 6 13 57 30 15 
54 58 22 13 18 30 17 18 7 46 18 46 36 57 47 12 20 29 7 38 14 60 37 41 39 25 31 41 45 27 54 53 50 51 27 51 51 11 51 59 19 30 59 54 6 10 19 7 33 31 43 39 22 8 49 44 48 35 49 19 
59 20 27 32 44 51 31 37 55 16 32 36 14 18 37 15 47 50 14 60 16 32 29 53 53 51 43 16 32 22 12 32 24 47 13 57 10 42 30 50 9 7 23 51 32 60 21 55 8 38 47 55 17 41 49 23 9 41 60 34 
30 6 13 16 17 19 49 19 53 33 9 42 46 15 31 9 34 42 45 50 34 27 6 48 19 60 42 40 24 29 10 46 44 16 20 8 43 43 40 17 58 37 31 21 33 50 20 45 20 11 33 40 16 45 36 49 37 30 56 20 
14 11 58 50 34 46 60 24 44 59 53 11 49 44 60 38 25 12 51 31 27 9 16 55 56 34 11 59 20 60 38 26 51 16 19 35 54 55 56 23 20 46 9 43 32 34 10 31 19 30 56 14 36 25 30 28 27 28 41 44 
25 39 21 9 33 44 28 59 17 38 27 52 29 53 41 50 53 14 43 41 17 60 22 22 32 16 44 50 47 57 43 44 48 40 35 52 6 13 57 16 23 58 23 55 49 28 48 24 37 16 15 34 52 24 48 36 40 10 13 37 
59 25 56 17 21 58 42 46 23 53 21 11 27 15 9 17 8 39 29 22 37 35 24 32 42 16 34 13 17 58 38 53 11 55 25 47 52 24 49 60 58 9 46 25 28 26 31 38 11 15 28 25 22 60 8 38 60 12 52 60 
46 45 48 45 18 21 45 20 38 48 48 47 12 53 30 56 30 37 14 34 39 55 21 24 16 35 52 10 56 49 23 42 55 59 54 49 14 58 39 60 50 43 47 51 21 42 40 42 9 7 50 51 37 47 29 42 41 59 41 28 
47 48 12 19 6 51 56 23 59 16 38 29 30 19 46 18 23 25 27 12 59 44 15 6 53 11 32 22 59 16 32 20 24 22 19 27 48 25 48 6 58 38 28 43 60 60 17 56 55 42 42 42 44 7 18 27 12 45 55 24 
32 22 18 35 12 30 28 14 36 37 22 33 36 52 23 53 43 26 24 39 19 28 32 58 38 34 30 32 40 46 16 53 49 45 36 24 12 51 45 54 12 33 28 31 42 12 16 38 15 22 24 23 49 37 37 11 30 57 54 28 
45 40 41 39 23 14 23 34 36 27 15 45 15 29 39 24 18 29 47 51 36 31 16 53 57 11 15 31 7 24 40 27 15 35 33 21 38 37 59 46 12 31 22 32 26 7 36 52 29 35 8 43 41 23 59 32 19 24 56 17 
19 47 45 24 19 19 38 41 29 25 45 14 22 41 29 46 23 10 21 12 29 30 55 7 30 31 40 39 28 42 29 20 25 17 16 7 7 18 50 6 30 27 25 44 25 27 13 53 53 33 16 15 60 38 27 58 16 15 54 9 
27 33 11 43 37 50 12 58 18 27 52 48 14 37 56 14 12 46 8 41 24 31 51 10 47 38 50 46 52 20 42 31 10 37 11 8 55 7 23 59 59 56 33 45 28 50 25 14 10 20 23 60 24 19 17 23 53 35 11 53 
22 10 54 38 19 58 53 8 53 36 26 29 27 53 58 14 34 25 41 48 47 6 40 46 42 13 45 47 28 12 45 49 13 23 16 18 15 38 60 7 53 16 33 51 13 28 41 60 28 54 7 35 47 30 39 56 18 50 41 12 
55 30 31 19 30 57 52 26 12 15 7 12 51 18 56 9 32 17 47 36 6 36 60 10 25 6 29 52 45 26 15 8 48 21 8 12 54 30 12 55 10 8 55 58 40 48 20 10 48 49 23 9 37 35 47 56 28 47 41 18 
28 58 50 16 28 17 54 25 29 36 56 34 38 40 60 42 41 48 27 28 13 13 34 44 30 11 16 30 33 47 17 33 6 31 40 6 29 14 49 33 17 51 28 27 58 53 11 24 40 49 13 31 38 14 7 31 50 57 14 26 
16 46 37 22 54 32 15 37 42 14 32 42 60 27 41 21 24 53 26 21 49 14 59 59 22 29 8 38 11 11 59 46 17 52 20 53 58 59 12 33 49 23 28 9 10 11 53 30 6 52 6 39 54 28 46 45 39 25 52 39 
21 10 41 58 28 31 40 34 23 31 38 34 37 27 22 18 58 53 33 50 33 43 54 59 21 9 35 56 34 41 11 11 8 39 39 38 7 30 6 35 22 24 27 14 44 60 40 47 36 31 52 59 43 22 44 42 33 17 21 34 
49 40 9 21 25 12 18 19 21 18 44 28 25 21 14 39 44 46 55 16 43 19 8 21 34 55 10 48 49 9 36 10 21 26 10 28 31 59 58 58 13 15 45 41 20 49 41 28 39 54 12 13 45 23 23 15 20 28 29 37 
47 38 19 41 20 42 60 9 40 10 19 7 40 20 6 12 48 47 35 36 29 12 53 12 37 35 51 16 7 22 22 42 31 56 49 34 21 54 39 49 33 11 12 43 17 23 9 36 57 25 25 48 39 20 55 48 34 36 58 44 
48 18 42 33 51 49 10 22 27 27 51 41 15 25 7 22 47 17 10 52 58 32 54 22 46 44 10 7 60 24 27 43 31 26 58 6 32 22 8 19 41 54 29 23 38 9 48 13 29 59 12 21 53 26 18 13 8 39 10 37 
59 31 8 56 37 40 28 41 55 52 26 14 60 26 33 56 44 41 20 21 43 33 34 55 57 58 45 42 24 32 21 11 52 6 57 57 56 25 49 22 14 30 8 60 44 17 19 40 21 18 53 19 41 11 47 22 13 31 15 39 
52 56 49 48 19 42 36 49 27 44 49 22 53 37 40 20 46 46 13 8 22 41 48 46 13 11 27 60 26 23 20 50 50 18 15 34 13 57 32 59 23 37 29 22 38 32 43 58 56 14 56 16 11 31 18 54 35 40 11 28 
45 35 41 51 48 32 13 12 47 40 38 53 42 17 14 39 58 27 33 49 55 17 26 27 15 13 45 60 60 31 24 6 58 24 34 54 26 12 16 16 18 16 41 30 7 9 15 24 37 13 45 57 43 53 39 10 20 22 57 35 
46 26 35 13 11 8 41 59 50 16 36 57 49 44 13 31 13 54 8 8 50 48 34 30 23 33 22 8 28 10 36 11 13 59 19 37 50 12 46 8 51 50 19 32 17 29 56 15 13 41 34 42 40 16 59 17 41 60 30 13 
16 22 35 34 59 29 17 50 51 56 21 10 56 17 37 23 18 26 8 41 9 18 33 15 36 40 11 19 10 40 58 42 30 60 47 7 40 60 43 43 19 44 16 34 13 36 58 21 14 34 23 58 40 39 30 55 29 12 16 9 
45 60 14 28 53 49 15 54 39 59 22 39 45 30 19 45 54 53 59 25 58 30 25 12 44 11 29 21 60 39 22 36 14 41 53 10 7 46 18 33 24 32 30 48 10 43 27 51 24 56 25 26 28 13 26 15 38 58 56 57 
24 59 45 12 23 14 14 38 14 47 50 8 18 50 31 33 43 28 6 52 47 20 23 57 21 9 14 18 13 24 45 46 12 23 31 31 39 24 60 60 57 50 20 51 12 29 26 59 16 42 27 41 58 38 28 27 60 45 42 48 
38 55 7 14 37 50 53 15 12 21 21 9 36 9 21 10 40 60 57 30 19 43 15 42 40 32 27 24 28 14 11 30 49 20 30 44 50 27 26 6 53 6 23 8 8 47 16 42 31 31 29 37 35 36 15 31 51 18 42 26 
31 50 54 41 58 56 31 57 43 19 10 26 20 58 29 46 49 11 34 43 38 24 33 33 9 59 56 31 31 43 21 13 56 39 28 10 35 19 27 41 22 31 46 53 28 27 50 37 50 17 32 59 42 14 14 47 22 60 23 28 
16 15 7 11 33 9 18 23 55 59 59 43 35 39 34 19 57 56 54 49 7 29 29 38 26 16 16 19 29 53 23 24 18 35 28 60 10 8 48 41 52 18 42 10 43 48 28 32 24 16 46 57 42 50 34 36 58 49 16 24 
10 51 17 49 44 46 16 22 9 60 25 15 13 47 42 49 19 34 42 53 56 44 13 31 32 30 38 28 34 7 17 56 25 18 46 42 55 10 15 27 56 38 43 24 56 10 35 23 40 59 43 53 24 19 6 18 44 22 29 47 
52 53 59 22 13 51 56 50 32 48 8 44 15 32 58 33 32 6 25 22 48 42 55 51 23 36 29 29 23 21 13 34 34 9 39 57 40 35 28 52 52 37 6 34 45 35 17 23 24 14 9 54 11 23 27 59 35 59 27 29 
34 22 14 10 23 17 30 8 28 41 34 19 8 29 53 8 49 41 56 49 39 22 16 55 27 44 50 38 28 48 17 18 41 40 8 47 19 12 39 60 54 56 41 12 60 33 24 57 12 17 16 38 39 22 11 57 43 8 55 46 
48 8 55 26 50 6 51 38 47 35 50 15 56 6 43 27 28 26 40 27 10 34 57 26 12 51 49 53 35 46 18 32 31 60 38 39 13 26 46 27 33 34 51 59 23 8 45 8 45 53 32 60 24 8 58 48 17 48 30 42 
47 28 17 11 32 16 14 30 19 9 27 56 56 36 31 16 16 35 38 46 52 57 46 48 35 18 13 19 12 45 12 59 32 7 37 6 25 57 7 52 57 28 60 13 47 59 38 23 13 15 59 37 7 53 13 41 36 51 51 13 
39 17 33 17 58 54 16 18 29 21 58 45 49 34 32 6 39 19 58 15 14 6 15 8 58 43 7 49 32 31 24 52 51 7 9 26 59 7 13 18 33 30 46 21 39 14 55 16 57 26 27 26 22 38 20 25 45 42 20 34 
52 41 9 29 50 58 7 15 56 23 27 50 36 32 18 23 8 15 15 50 20 49 7 41 38 25 44 18 52 18 33 11 43 13 41 55 26 49 51 46 17 14 16 21 59 21 31 42 39 20 23 47 56 21 42 10 53 18 54 39 
26 23 13 56 10 25 11 15 14 49 28 8 27 6 50 25 33 23 25 31 23 26 16 38 47 21 60 37 18 58 19 14 11 36 43 33 23 12 43 14 29 29 11 54 9 22 53 31 16 24 26 14 9 7 28 52 46 30 57 45 
10 8 9 12 50 34 54 52 10 12 49 48 55 14 13 17 30 26 12 36 18 43 48 44 8 6 46 49 52 38 57 44 59 11 54 43 12 42 36 43 44 39 29 11 6 35 15 55 55 11 32 16 28 6 10 16 21 52 17 60 
14 26 35 36 41 17 27 12 40 21 25 19 56 12 45 20 48 26 28 23 40 27 42 12 10 19 34 60 13 47 20 8 46 29 6 49 60 10 29 22 47 18 52 15 29 21 52 57 7 18 45 43 37 9 54 25 57 10 9 14 

18 23 20 25 15 17 25 24 16 21 15 18 23 25 16 20 25 24 22 24 24 17 17 23 16 24 22 16 20 17 17 19 16 21 20 22 19 22 19 17 24 22 15 19 19 21 16 20 25 16 24 23 15 24 23 22 22 23 17 15 
16 24 17 17 18 21 19 17 21 22 23 24 18 17 17 23 24 16 19 20 23 25 25 24 23 20 18 18 19 20 15 19 18 22 15 20 25 25 19 25 15 15 25 21 20 22 19 16 19 25 22 17 24 24 17 21 17 15 15 25 
18 17 17 22 18 22 19 24 24 21 22 23 15 16 23 15 18 15 22 18 25 22 25 22 22 20 21 15 24 24 19 25 15 23 16 24 15 17 15 17 16 23 23 21 23 15 21 19 25 25 15 17 25 17 18 15 15 25 23 15 
24 22 19 24 18 22 16 17 18 19 23 17 24 22 18 21 18 22 16 20 21 24 22 23 20 24 25 16 23 19 21 17 25 17 20 17 20 25 19 19 19 17 25 17 19 22 20 25 25 22 15 21 23 20 25 24 18 25 20 17 
21 25 15 24 19 22 24 20 17 22 24 21 23 22 24 16 25 20 22 19 24 18 22 18 20 17 19 23 20 19 25 22 22 18 16 17 17 22 23 21 18 15 25 23 17 18 23 22 19 24 23 20 17 20 20 15 17 18 19 18 
19 19 23 17 24 25 25 20 24 19 18 17 25 20 20 16 20 18 16 23 15 20 16 18 25 22 21 17 20 24 21 22 22 18 20 24 19 23 25 18 18 23 15 19 18 16 23 18 17 22 18 19 25 20 23 18 21 16 24 16 
16 22 23 19 20 22 19 17 19 16 25 24 15 15 20 25 19 15 20 23 24 19 17 18 22 22 17 19 23 22 19 21 20 23 19 21 17 15 24 21 15 20 24 22 23 19 15 24 19 21 24 20 24 24 15 20 20 22 24 23 
20 23 25 20 16 23 22 20 24 21 23 18 24 20 23 25 19 18 24 19 19 16 16 24 25 19 17 18 18 17 25 19 15 15 18 19 21 19 25 17 21 18 21 19 18 23 24 24 24 23 20 23 21 18 23 22 16 21 23 22 
15 18 25 21 17 24 24 18 23 18 16 19 18 22 25 25 22 18 17 21 22 25 18 24 23 17 18 19 24 16 19 25 16 17 24 16 21 18 21 24 21 17 22 20 16 23 23 23 25 18 23 19 16 19 18 20 25 23 21 21 
24 23 15 21 25 18 22 21 22 23 21 25 23 24 25 19 20 16 17 18 22 22 22 25 15 20 24 24 22 16 24 25 25 20 22 15 15 23 19 22 20 15 21 21 25 15 20 22 21 17 25 20 15 16 20 18 19 25 16 15 
15 25 25 25 21 22 23 21 16 15 16 16 17 15 20 17 22 23 25 21 23 23 16 22 15 15 22 23 20 19 23 23 19 25 21 25 25 17 25 15 23 24 24 17 24 16 25 21 20 18 15 20 15 18 25 17 16 18 16 19 
21 20 21 18 21 25 20 25 19 25 18 25 17 21 16 22 22 25 24 19 22 22 22 20 16 15 21 21 19 15 22 21 24 17 25 21 21 15 15 22 23 17 15 17 17 19 15 22 24 18 18 24 23 25 16 19 19 21 16 22 
19 24 25 24 24 19 18 25 22 17 21 19 15 15 17 24 15 25 23 16 21 24 16 24 21 19 20 15 22 21 24 23 16 18 22 22 17 17 15 16 19 17 17 22 21 25 18 23 16 15 24 20 22 15 25 18 17 23 16 17 
20 15 18 19 18 23 16 21 25 23 17 17 22 16 23 17 23 23 23 18 19 22 20 22 15 20 19 15 22 23 15 23 19 17 22 21 17 20 17 24 25 15 17 23 22 19 23 19 24 23 20 16 17 21 23 18 22 25 24 20 
16 24 21 15 16 20 19 15 17 20 21 23 20 24 23 25 16 23 21 19 22 19 24 18 24 15 17 18 16 23 19 17 22 17 21 21 20 19 25 21 19 19 19 21 23 20 15 22 21 18 15 25 23 24 23 23 20 24 19 19 
19 25 22 19 17 25 25 24 18 16 22 22 18 16 25 17 24 25 21 19 17 25 21 25 25 23 16 21 25 24 18 24 23 16 25 24 24 19 24 19 24 17 19 20 19 22 23 16 22 25 20 22 21 15 21 18 25 24 24 18 
18 20 17 15 22 23 18 15 15 20 15 18 15 19 20 16 18 23 18 20 21 19 23 16 22 19 19 18 25 22 16 15 17 23 23 24 21 21 21 16 15 24 22 18 16 17 18 23 19 16 20 24 17 25 16 21 22 15 22 22 
19 16 19 19 21 16 24 16 16 23 19 19 18 19 22 20 25 19 19 25 20 23 19 15 16 19 23 15 20 22 19 24 25 19 15 15 25 17 21 18 23 23 21 17 25 15 22 18 18 15 15 17 18 21 17 18 20 15 25 24 
15 24 25 22 23 23 24 23 21 23 23 18 19 15 23 18 23 22 20 20 23 18 16 20 19 20 21 22 20 20 20 19 24 20 24 15 16 19 20 16 18 23 20 20 22 15 16 18 25 23 16 23 21 24 22 15 16 25 24 22 
15 24 25 20 16 16 23 20 23 19 25 23 18 25 16 21 18 24 18 18 25 15 23 16 15 15 22 16 16 16 24 24 17 25 22 18 17 19 25 19 19 23 25 21 22 18 16 21 23 18 17 16 20 19 20 22 17 17 15 15 
25 19 24 18 21 18 21 16 21 19 18 20 25 17 24 22 20 17 20 15 25 15 23 15 23 19 22 24 17 19 24 21 25 24 20 15 23 25 17 15 23 24 21 25 20 16 17 23 16 23 15 17 20 19 23 20 20 25 20 22 
19 23 18 24 20 20 22 23 20 20 22 25 23 16 15 15 22 24 16 24 16 19 20 16 21 17 20 15 20 17 25 17 16 19 25 19 17 20 16 21 15 15 19 22 21 18 23 22 23 17 17 15 22 21 18 22 24 19 18 17 
15 18 21 25 21 21 23 15 22 16 24 15 23 25 23 24 21 17 23 20 16 25 22 18 21 16 19 17 24 15 21 21 20 19 18 18 25 18 19 15 21 15 18 18 15 23 21 22 20 24 18 15 21 23 23 19 21 15 22 21 
15 25 19 18 24 25 17 15 19 21 20 20 18 15 18 21 17 23 18 17 25 25 16 18 22 25 18 21 16 22 18 24 22 21 22 15 20 23 17 23 19 24 23 17 16 21 15 23 20 19 17 18 16 19 20 22 18 16 23 22 
25 21 21 16 22 18 24 23 21 16 18 15 17 22 24 20 21 24 21 23 15 18 15 25 24 18 24 23 24 16 18 19 16 16 24 15 20 17 21 15 22 25 16 16 22 15 17 20 16 17 17 16 15 21 20 25 17 18 18 25 
16 22 17 25 25 19 20 22 16 24 15 24 21 20 21 21 17 17 23 23 24 24 24 21 20 20 21 15 21 19 20 25 16 21 24 24 18 24 23 15 24 22 15 21 17 16 25 19 17 15 21 23 18 23 18 18 17 24 18 25 
16 21 17 21 18 20 20 15 18 23 15 20 25 23 15 24 22 19 25 24 16 20 17 24 15 22 23 25 24 22 19 17 19 17 15 21 19 19 17 19 15 15 18 21 15 15 24 21 24 21 19 25 19 20 19 19 24 16 21 19 
18 25 25 25 22 17 18 16 18 19 20 15 15 16 25 16 24 19 22 19 16 16 24 22 19 15 19 17 23 17 24 17 22 20 19 15 17 20 20 21 20 22 18 20 17 20 15 15 19 16 25 20 15 23 17 17 19 19 22 16 
16 21 17 15 16 21 25 18 17 25 23 21 20 20 23 24 18 21 20 18 25 22 23 20 16 17 15 19 21 24 23 22 24 24 22 23 15 23 21 15 25 23 19 24 16 20 20 21 23 21 17 24 17 16 16 17 25 15 15 25 
17 19 24 17 25 25 21 16 22 20 18 25 18 25 22 15 19 20 22 25 21 18 23 18 16 16 23 16 16 21 22 24 19 24 22 17 24 15 21 20 18 23 16 17 17 22 21 23 22 18 20 18 18 21 22 21 15 15 21 25 
19 19 17 18 19 21 20 21 24 21 19 23 19 24 19 20 16 18 22 25 18 17 18 17 24 20 24 24 22 15 19 19 20 25 21 17 15 17 24 19 22 19 23 18 21 23 15 17 19 24 19 24 22 19 24 25 15 22 20 19 
15 23 24 18 16 17 20 15 23 16 25 23 15 16 25 25 19 20 19 15 25 21 15 15 16 23 18 23 21 16 25 21 20 21 17 22 21 16 24 25 15 16 17 21 19 15 25 23 18 16 19 23 17 18 22 15 24 19 18 23 
23 20 15 17 25 19 16 18 25 21 22 16 25 22 23 18 24 23 22 16 23 20 16 16 23 21 20 25 23 16 18 20 23 16 17 20 17 23 17 25 19 23 20 24 24 24 17 18 25 18 25 20 20 20 18 24 17 22 24 24 
19 15 24 15 19 18 24 24 17 25 19 19 21 16 19 23 21 19 15 23 23 19 21 15 15 16 16 18 16 23 24 16 20 19 18 25 18 16 25 23 17 23 18 18 16 18 21 20 19 18 25 16 18 24 25 15 22 17 17 18 
16 25 22 19 19 18 25 17 16 24 19 24 18 25 18 22 16 19 23 25 21 19 25 18 15 22 21 22 23 19 19 22 15 21 25 21 15 16 24 17 21 15 20 24 25 23 24 21 16 17 21 25 18 25 20 19 22 23 23 19 
21 18 21 15 21 24 18 21 17 17 22 21 25 25 16 23 22 24 21 17 18 22 18 20 15 19 17 24 22 20 20 16 15 16 17 17 23 22 23 19 23 21 20 16 20 21 25 22 17 25 24 21 23 18 17 18 16 22 20 15 
25 15 23 23 16 16 17 25 16 15 19 22 18 23 17 18 18 20 24 21 23 24 24 18 21 22 24 25 18 18 17 21 21 25 22 19 25 23 21 17 23 17 21 23 22 25 17 24 19 24 16 24 22 23 24 25 20 15 15 21 
18 22 16 19 22 22 16 20 19 24 23 21 19 22 17 16 17 16 24 15 16 25 25 24 16 16 15 20 22 25 22 17 19 20 18 18 23 18 18 16 22 21 15 21 15 23 19 22 21 21 17 24 16 23 17 24 22 17 17 25 
22 21 17 23 17 20 25 17 21 16 25 17 17 25 19 15 16 25 19 24 22 16 18 17 25 25 18 23 15 22 25 19 20 18 23 16 21 17 24 16 15 23 20 24 20 15 23 22 16 20 24 18 15 25 20 15 24 19 17 21 
18 23 23 15 19 24 15 22 19 23 21 16 16 17 19 22 18 21 16 18 23 16 21 15 16 24 17 22 16 21 21 20 24 24 16 22 22 16 25 15 22 19 25 22 16 17 23 22 15 21 21 25 18 18 15 15 24 20 22 15 
25 24 22 16 21 17 19 22 24 25 16 18 21 21 19 20 24 20 24 18 25 17 15 17 20 24 19 18 19 21 16 25 20 20 24 19 25 19 25 21 22 19 18 19 18 17 19 25 25 22 18 24 25 20 18 23 20 19 19 25 
24 20 18 25 21 16 15 24 23 24 17 23 23 17 20 19 19 23 21 18 22 22 25 19 19 25 19 20 15 20 25 15 20 15 23 20 18 19 16 21 25 23 22 18 25 19 17 24 25 20 22 25 17 20 22 15 20 16 25 20 
15 15 16 23 22 15 15 17 15 15 15 22 17 17 15 17 19 21 23 24 18 24 25 25 20 16 25 23 19 16 16 24 24 18 24 20 23 20 22 22 20 21 25 25 23 18 17 18 21 18 25 22 20 21 21 20 17 19 20 15 
20 24 24 15 19 23 17 22 23 24 21 25 24 21 23 25 15 16 21 18 25 21 19 15 25 19 15 21 24 15 18 25 16 25 18 24 25 16 19 18 22 25 20 22 17 17 16 21 22 15 22 23 18 24 25 15 25 25 20 20 
21 17 18 19 18 19 23 25 16 22 19 25 17 22 21 18 22 15 19 15 24 21 24 15 25 22 16 20 21 19 17 23 18 17 20 25 22 17 15 21 23 23 25 25 19 16 24 19 24 21 25 16 17 18 25 18 16 23 17 20 
20 24 17 15 22 21 17 16 20 18 23 22 25 21 19 16 15 17 23 18 16 23 17 16 15 19 22 24 24 23 23 23 18 15 18 19 19 17 16 22 24 20 25 23 16 16 25 23 20 25 17 19 24 22 16 17 15 24 19 23 
25 15 19 16 16 15 18 20 19 21 18 19 18 18 15 22 20 22 24 16 15 25 17 23 25 19 19 17 22 17 15 15 20 23 16 20 17 18 18 17 16 17 16 22 21 18 25 23 21 21 18 23 25 21 17 16 21 22 25 19 
15 17 22 15 16 18 20 23 18 21 21 21 25 24 23 22 21 23 22 16 17 20 24 20 19 18 15 19 22 18 25 24 16 22 24 19 23 24 16 21 21 23 18 22 25 17 17 20 21 18 23 16 21 21 15 22 17 24 20 22 
19 21 24 15 22 15 21 16 24 16 17 24 21 24 25 20 18 24 17 25 23 25 22 17 25 17 22 25 21 21 22 18 20 24 22 15 21 18 15 20 15 22 17 18 24 25 24 23 21 15 24 21 18 21 17 16 16 19 17 16 
17 17 15 23 20 24 23 15 25 19 17 22 19 20 17 15 23 18 22 21 20 22 15 18 16 22 18 23 15 24 20 24 24 18 24 15 21 20 23 17 23 18 20 15 18 18 17 17 17 16 22 16 21 25 21 21 23 18 25 21 
15 25 22 18 16 19 22 22 15 18 16 15 20 15 23 25 19 19 17 22 16 20 19 23 22 19 20 19 20 25 20 21 24 22 22 23 22 25 20 16 25 21 18 22 22 21 25 24 25 19 20 16 20 15 24 22 18 23 16 18 
16 17 17 17 24 24 15 23 18 23 24 18 20 21 19 16 18 20 20 22 22 24 19 16 17 24 17 15 20 21 22 17 25 15 17 22 17 21 22 15 19 17 19 24 16 18 15 20 18 22 20 17 25 20 19 24 16 22 21 25 
18 22 21 22 17 22 24 16 24 25 22 22 19 20 20 22 15 16 23 15 22 19 25 19 25 24 22 21 18 21 24 18 24 19 19 24 20 20 20 23 25 19 19 15 18 17 22 25 23 17 21 22 17 21 17 22 17 20 16 19 
23 25 17 24 23 20 20 19 20 24 23 16 24 18 22 23 16 23 25 25 23 16 25 24 21 18 17 18 17 18 24 17 16 18 19 21 19 15 15 25 16 25 22 20 19 17 21 16 17 20 17 24 18 21 24 23 23 22 24 23 
22 17 18 23 18 23 25 25 24 16 19 16 22 21 18 25 22 19 16 25 24 21 20 20 23 23 22 16 21 22 22 21 23 16 25 22 24 15 22 21 23 22 16 25 23 24 19 18 18 20 16 16 21 24 23 18 18 24 22 25 
18 23 18 16 24 19 17 25 17 24 22 17 24 25 24 20 25 20 21 23 24 18 15 23 15 17 22 21 24 17 17 18 20 20 22 25 16 22 24 16 17 20 24 25 22 18 23 21 22 23 18 19 19 17 15 19 15 22 24 19 
21 18 25 25 21 21 23 24 24 19 23 15 17 17 20 18 15 25 21 24 21 19 17 20 19 17 15 19 25 24 21 15 17 23 15 16 21 15 19 21 16 23 23 19 22 19 18 17 25 22 25 16 22 24 15 19 18 21 18 15 
20 18 19 22 19 15 25 19 24 15 21 16 17 15 17 24 25 18 24 15 21 22 25 17 21 15 20 19 17 17 16 25 23 16 19 21 21 23 23 21 16 17 15 19 24 15 20 17 19 21 15 17 17 18 15 18 17 20 22 24 
15 17 16 22 18 16 16 16 22 16 23 20 17 23 20 21 25 16 19 18 16 16 21 18 19 22 22 21 24 21 18 16 24 15 17 24 24 23 17 22 25 16 22 20 16 20 23 19 19 22 17 15 15 18 15 23 18 23 23 20 
19 19 15 23 21 15 21 19 21 17 16 22 21 18 21 23 17 23 25 24 20 20 19 23 17 23 22 25 20 25 20 17 20 20 24 15 15 18 23 19 22 17 20 19 20 25 23 25 20 21 18 19 23 25 19 23 21 22 20 20 
