100 100 10 10
20
3 4 5 6 7 8 9 10 11 12 
4 3 4 5 6 7 8 9 10 11 
5 4 3 4 5 6 7 8 9 10 
6 5 4 3 4 5 6 7 8 9 
7 6 5 4 3 4 5 6 7 8 
8 7 6 5 4 3 4 5 6 7 
9 8 7 6 5 4 3 4 5 6 
10 9 8 7 6 5 4 3 4 5 
11 10 9 8 7 6 5 4 3 4 
12 11 10 9 8 7 6 5 4 3 

46 81 96 7
140 173 183 8
125 159 170 8
169 197 210 7
64 97 109 9
114 147 161 8
92 117 131 10
142 172 187 5
160 198 208 9
33 61 75 5
49 84 95 10
50 86 96 6
117 151 166 6
144 178 190 10
14 49 59 6
141 171 181 7
103 135 148 8
122 153 163 10
43 68 83 9
117 146 157 9
151 188 201 5
94 132 145 8
147 179 189 7
5 44 57 7
124 157 169 9
77 112 123 9
75 101 112 10
53 88 101 8
30 61 76 7
55 82 92 8
19 46 56 8
197 237 249 9
88 125 140 6
104 130 140 8
138 166 180 7
74 109 122 7
104 134 145 10
167 200 212 10
193 232 247 10
111 137 148 10
126 164 178 9
130 165 180 10
186 219 229 9
24 60 75 5
24 63 75 9
46 78 92 10
199 232 247 9
50 86 98 8
122 148 162 8
65 101 115 6
165 205 215 9
66 91 103 9
89 119 131 10
121 150 165 10
22 61 76 8
124 150 165 5
112 142 153 9
195 235 247 9
138 177 189 6
9 38 52 9
47 84 97 10
200 232 245 7
60 91 102 7
159 184 196 9
14 39 54 6
74 108 123 9
82 109 120 10
28 57 67 8
173 213 223 8
49 79 92 6
130 163 177 9
124 157 171 8
21 53 64 9
43 73 84 10
173 211 224 10
49 88 100 6
166 192 205 7
60 86 97 9
90 116 131 9
171 201 214 10
32 62 74 6
33 65 80 9
13 48 61 8
146 182 195 5
176 213 224 6
91 120 131 7
120 148 163 5
72 108 118 7
147 172 182 8
130 170 184 10
41 66 78 10
119 144 155 10
178 203 216 6
108 135 149 6
144 171 186 8
143 179 189 5
88 120 133 10
78 103 115 6
53 93 108 5
188 226 241 5
126 161 171 8
69 108 121 9
125 157 171 5
198 228 239 8
188 214 226 8
90 123 136 10
90 122 136 6
214 247 257 5
158 185 195 5
105 139 154 10
72 107 119 10
148 185 196 7
83 115 127 9
115 153 163 5
201 240 254 6
176 208 219 8
34 66 81 7
65 99 111 6
77 110 121 5
138 167 177 6
130 157 169 8
162 199 211 9
82 113 125 10
29 68 78 7
163 198 210 5
72 101 112 9
100 128 138 7
174 199 210 5
84 116 129 5
193 223 234 5
152 182 194 7
35 69 81 9
20 51 64 10
20 58 68 8
30 61 75 5
83 116 131 5
212 239 252 9
180 219 231 6
44 74 86 8
194 233 244 5
147 180 194 8
70 96 107 7
172 199 211 9
203 238 251 8
110 142 157 5
118 143 155 7
94 127 138 5
155 183 194 9
182 217 231 6
21 59 71 6
146 172 186 5
80 105 118 7
154 193 203 10
30 68 83 9
18 55 66 6
170 198 210 10
64 91 105 10
180 208 223 6
184 224 234 5
215 242 252 7
84 124 139 5
201 235 249 6
129 169 180 9
109 136 146 8
153 179 190 6
113 138 149 5
110 136 146 9
186 220 230 5
95 129 144 7
40 76 90 8
176 201 214 5
85 122 132 5
77 109 119 10
15 42 56 8
85 124 135 7
170 201 214 8
213 241 255 7
157 196 210 9
140 179 189 5
41 77 92 9
45 77 88 6
58 91 103 7
210 237 247 7
193 224 234 6
117 149 163 10
145 183 198 10
98 133 148 8
110 142 156 5
162 196 206 10
114 141 155 5
149 181 192 10
147 177 192 10
210 238 253 6
43 68 78 7
17 47 57 5
160 199 212 10
49 89 99 6
39 68 80 6
109 145 155 10
38 74 84 8

6 20 55 39 9 29 22 7 50 28 59 40 32 44 44 56 28 27 8 47 51 14 22 60 29 57 50 23 60 10 34 47 28 24 23 49 9 52 13 16 6 25 41 54 14 31 54 30 7 60 45 6 54 41 27 39 12 55 23 39 27 45 35 19 49 59 12 28 23 59 10 54 11 33 23 14 36 25 20 41 22 33 13 46 36 31 20 52 47 30 16 59 43 58 49 48 8 43 53 53 
54 49 9 57 47 22 6 26 43 31 54 21 31 25 25 28 46 46 34 56 53 37 15 38 45 45 14 45 23 47 10 57 54 25 24 44 47 38 30 50 32 58 48 26 31 35 49 20 7 46 6 35 38 57 23 16 17 17 14 48 31 31 45 7 10 60 60 31 12 55 22 6 43 38 53 9 19 54 21 25 54 10 55 45 59 6 24 30 27 26 11 59 35 52 41 20 37 45 39 57 
13 45 19 17 51 36 58 32 18 21 37 49 43 37 56 53 44 52 12 59 43 37 52 57 13 25 31 41 23 51 22 8 6 49 42 9 7 7 35 10 48 23 19 44 41 58 54 29 12 25 28 22 47 40 20 58 27 42 29 18 30 38 44 50 22 24 47 6 18 42 21 50 17 13 49 27 52 40 49 18 9 10 39 21 41 30 20 21 56 16 55 20 19 59 6 20 57 11 38 54 
28 46 48 43 49 27 13 23 56 31 12 50 37 44 41 39 7 58 20 32 21 11 16 16 34 26 59 20 23 35 16 45 23 14 23 8 15 13 42 20 8 30 34 39 52 54 59 39 41 51 10 58 11 18 40 10 58 53 43 13 21 32 45 50 21 27 52 7 16 60 11 20 51 26 25 55 19 39 8 19 57 42 15 57 29 29 14 50 54 26 51 40 35 7 7 18 43 32 59 42 
57 27 41 45 19 17 52 25 25 22 20 26 15 33 52 39 55 46 56 26 54 22 18 47 41 44 60 12 46 12 53 12 8 33 54 57 11 59 53 15 27 54 51 6 47 48 39 21 49 14 21 43 22 32 30 39 32 24 26 55 27 20 44 47 25 57 16 33 46 40 27 26 19 14 45 28 52 51 21 15 9 40 46 50 49 21 50 41 43 49 27 33 17 60 42 50 9 45 46 59 
12 53 45 23 26 41 10 42 32 26 57 58 27 39 14 46 22 7 54 54 29 22 35 34 12 53 11 30 50 37 51 12 41 45 26 47 59 32 47 30 11 41 36 32 10 42 14 53 48 15 35 9 7 34 17 53 51 26 21 17 59 56 15 48 47 19 28 31 18 31 25 52 38 25 23 12 40 33 52 40 23 60 23 27 50 57 42 49 39 12 14 16 50 31 50 21 45 9 9 33 
42 47 34 27 7 31 43 17 8 25 47 54 57 44 47 29 48 50 52 53 44 13 22 14 46 44 45 22 35 25 60 18 18 60 18 23 41 45 50 53 35 46 59 6 16 23 23 51 20 54 39 28 12 28 53 50 25 39 15 30 39 28 49 33 13 13 59 32 58 9 7 32 44 9 12 53 8 58 18 25 29 40 33 9 6 40 43 42 27 27 16 58 54 34 21 41 23 51 38 8 
38 19 31 60 14 28 25 41 48 16 28 51 23 37 28 12 11 55 53 43 11 35 31 18 17 11 9 9 40 58 6 54 17 54 58 38 30 14 35 15 41 55 16 6 17 35 31 36 37 59 46 55 10 56 7 56 11 11 47 25 9 10 51 56 15 33 23 9 16 14 16 36 35 53 28 14 28 41 11 8 46 41 36 44 24 56 26 26 7 36 43 12 6 28 26 35 31 58 52 14 
36 29 17 6 39 25 42 48 60 31 17 9 59 40 44 32 50 33 20 55 33 45 48 56 43 6 52 16 39 30 39 25 31 9 30 42 35 53 9 35 59 22 43 50 35 60 45 34 16 39 37 51 57 60 21 44 7 21 57 39 41 54 32 45 26 53 45 43 27 45 12 51 23 39 35 38 55 39 40 21 10 46 17 37 8 43 37 41 48 20 36 40 41 30 24 40 15 45 29 59 
11 33 32 11 37 27 9 56 7 19 33 6 7 52 39 58 7 20 25 33 31 49 56 43 22 16 16 34 17 40 20 38 16 7 10 8 48 56 25 18 15 30 34 31 29 24 53 31 24 11 31 30 19 36 10 10 59 13 25 46 36 40 19 48 51 8 44 51 17 29 39 10 44 6 28 35 33 28 33 31 29 39 11 42 22 33 17 39 53 7 27 32 25 58 29 7 14 25 33 9 
31 23 42 54 19 36 18 53 31 9 8 58 17 36 54 41 8 19 52 53 12 54 10 26 13 37 43 21 54 23 51 59 46 36 17 26 59 11 26 47 50 18 35 11 23 8 44 14 48 13 57 12 8 52 58 7 40 20 14 8 43 47 56 45 53 8 22 45 19 17 19 24 26 24 43 28 10 28 12 60 10 48 60 49 37 29 52 25 37 16 47 24 9 40 15 54 39 35 18 11 
15 7 59 11 33 45 51 19 53 39 21 45 37 7 30 30 20 22 21 22 24 46 25 55 11 22 55 60 32 23 16 39 21 10 16 49 36 34 40 42 35 14 58 52 31 40 13 27 28 46 20 13 35 52 48 34 60 16 35 9 46 45 7 26 20 39 33 23 42 48 41 14 50 7 10 22 45 11 53 37 39 8 19 57 41 27 55 29 25 42 12 24 44 12 46 6 13 57 30 15 
54 58 22 13 18 30 17 18 7 46 18 46 36 57 47 12 20 29 7 38 14 60 37 41 39 25 31 41 45 27 54 53 50 51 27 51 51 11 51 59 19 30 59 54 6 10 19 7 33 31 43 39 22 8 49 44 48 35 49 19 59 20 27 32 44 51 31 37 55 16 32 36 14 18 37 15 47 50 14 60 16 32 29 53 53 51 43 16 32 22 12 32 24 47 13 57 10 42 30 50 
9 7 23 51 32 60 21 55 8 38 47 55 17 41 49 23 9 41 60 34 30 6 13 16 17 19 49 19 53 33 9 42 46 15 31 9 34 42 45 50 34 27 6 48 19 60 42 40 24 29 10 46 44 16 20 8 43 43 40 17 58 37 31 21 33 50 20 45 20 11 33 40 16 45 36 49 37 30 56 20 14 11 58 50 34 46 60 24 44 59 53 11 49 44 60 38 25 12 51 31 
27 9 16 55 56 34 11 59 20 60 38 26 51 16 19 35 54 55 56 23 20 46 9 43 32 34 10 31 19 30 56 14 36 25 30 28 27 28 41 44 25 39 21 9 33 44 28 59 17 38 27 52 29 53 41 50 53 14 43 41 17 60 22 22 32 16 44 50 47 57 43 44 48 40 35 52 6 13 57 16 23 58 23 55 49 28 48 24 37 16 15 34 52 24 48 36 40 10 13 37 
59 25 56 17 21 58 42 46 23 53 21 11 27 15 9 17 8 39 29 22 37 35 24 32 42 16 34 13 17 58 38 53 11 55 25 47 52 24 49 60 58 9 46 25 28 26 31 38 11 15 28 25 22 60 8 38 60 12 52 60 46 45 48 45 18 21 45 20 38 48 48 47 12 53 30 56 30 37 14 34 39 55 21 24 16 35 52 10 56 49 23 42 55 59 54 49 14 58 39 60 
50 43 47 51 21 42 40 42 9 7 50 51 37 47 29 42 41 59 41 28 47 48 12 19 6 51 56 23 59 16 38 29 30 19 46 18 23 25 27 12 59 44 15 6 53 11 32 22 59 16 32 20 24 22 19 27 48 25 48 6 58 38 28 43 60 60 17 56 55 42 42 42 44 7 18 27 12 45 55 24 32 22 18 35 12 30 28 14 36 37 22 33 36 52 23 53 43 26 24 39 
19 28 32 58 38 34 30 32 40 46 16 53 49 45 36 24 12 51 45 54 12 33 28 31 42 12 16 38 15 22 24 23 49 37 37 11 30 57 54 28 45 40 41 39 23 14 23 34 36 27 15 45 15 29 39 24 18 29 47 51 36 31 16 53 57 11 15 31 7 24 40 27 15 35 33 21 38 37 59 46 12 31 22 32 26 7 36 52 29 35 8 43 41 23 59 32 19 24 56 17 
19 47 45 24 19 19 38 41 29 25 45 14 22 41 29 46 23 10 21 12 29 30 55 7 30 31 40 39 28 42 29 20 25 17 16 7 7 18 50 6 30 27 25 44 25 27 13 53 53 33 16 15 60 38 27 58 16 15 54 9 27 33 11 43 37 50 12 58 18 27 52 48 14 37 56 14 12 46 8 41 24 31 51 10 47 38 50 46 52 20 42 31 10 37 11 8 55 7 23 59 
59 56 33 45 28 50 25 14 10 20 23 60 24 19 17 23 53 35 11 53 22 10 54 38 19 58 53 8 53 36 26 29 27 53 58 14 34 25 41 48 47 6 40 46 42 13 45 47 28 12 45 49 13 23 16 18 15 38 60 7 53 16 33 51 13 28 41 60 28 54 7 35 47 30 39 56 18 50 41 12 55 30 31 19 30 57 52 26 12 15 7 12 51 18 56 9 32 17 47 36 
6 36 60 10 25 6 29 52 45 26 15 8 48 21 8 12 54 30 12 55 10 8 55 58 40 48 20 10 48 49 23 9 37 35 47 56 28 47 41 18 28 58 50 16 28 17 54 25 29 36 56 34 38 40 60 42 41 48 27 28 13 13 34 44 30 11 16 30 33 47 17 33 6 31 40 6 29 14 49 33 17 51 28 27 58 53 11 24 40 49 13 31 38 14 7 31 50 57 14 26 
16 46 37 22 54 32 15 37 42 14 32 42 60 27 41 21 24 53 26 21 49 14 59 59 22 29 8 38 11 11 59 46 17 52 20 53 58 59 12 33 49 23 28 9 10 11 53 30 6 52 6 39 54 28 46 45 39 25 52 39 21 10 41 58 28 31 40 34 23 31 38 34 37 27 22 18 58 53 33 50 33 43 54 59 21 9 35 56 34 41 11 11 8 39 39 38 7 30 6 35 
22 24 27 14 44 60 40 47 36 31 52 59 43 22 44 42 33 17 21 34 49 40 9 21 25 12 18 19 21 18 44 28 25 21 14 39 44 46 55 16 43 19 8 21 34 55 10 48 49 9 36 10 21 26 10 28 31 59 58 58 13 15 45 41 20 49 41 28 39 54 12 13 45 23 23 15 20 28 29 37 47 38 19 41 20 42 60 9 40 10 19 7 40 20 6 12 48 47 35 36 
29 12 53 12 37 35 51 16 7 22 22 42 31 56 49 34 21 54 39 49 33 11 12 43 17 23 9 36 57 25 25 48 39 20 55 48 34 36 58 44 48 18 42 33 51 49 10 22 27 27 51 41 15 25 7 22 47 17 10 52 58 32 54 22 46 44 10 7 60 24 27 43 31 26 58 6 32 22 8 19 41 54 29 23 38 9 48 13 29 59 12 21 53 26 18 13 8 39 10 37 
59 31 8 56 37 40 28 41 55 52 26 14 60 26 33 56 44 41 20 21 43 33 34 55 57 58 45 42 24 32 21 11 52 6 57 57 56 25 49 22 14 30 8 60 44 17 19 40 21 18 53 19 41 11 47 22 13 31 15 39 52 56 49 48 19 42 36 49 27 44 49 22 53 37 40 20 46 46 13 8 22 41 48 46 13 11 27 60 26 23 20 50 50 18 15 34 13 57 32 59 
23 37 29 22 38 32 43 58 56 14 56 16 11 31 18 54 35 40 11 28 45 35 41 51 48 32 13 12 47 40 38 53 42 17 14 39 58 27 33 49 55 17 26 27 15 13 45 60 60 31 24 6 58 24 34 54 26 12 16 16 18 16 41 30 7 9 15 24 37 13 45 57 43 53 39 10 20 22 57 35 46 26 35 13 11 8 41 59 50 16 36 57 49 44 13 31 13 54 8 8 
50 48 34 30 23 33 22 8 28 10 36 11 13 59 19 37 50 12 46 8 51 50 19 32 17 29 56 15 13 41 34 42 40 16 59 17 41 60 30 13 16 22 35 34 59 29 17 50 51 56 21 10 56 17 37 23 18 26 8 41 9 18 33 15 36 40 11 19 10 40 58 42 30 60 47 7 40 60 43 43 19 44 16 34 13 36 58 21 14 34 23 58 40 39 30 55 29 12 16 9 
45 60 14 28 53 49 15 54 39 59 22 39 45 30 19 45 54 53 59 25 58 30 25 12 44 11 29 21 60 39 22 36 14 41 53 10 7 46 18 33 24 32 30 48 10 43 27 51 24 56 25 26 28 13 26 15 38 58 56 57 24 59 45 12 23 14 14 38 14 47 50 8 18 50 31 33 43 28 6 52 47 20 23 57 21 9 14 18 13 24 45 46 12 23 31 31 39 24 60 60 
57 50 20 51 12 29 26 59 16 42 27 41 58 38 28 27 60 45 42 48 38 55 7 14 37 50 53 15 12 21 21 9 36 9 21 10 40 60 57 30 19 43 15 42 40 32 27 24 28 14 11 30 49 20 30 44 50 27 26 6 53 6 23 8 8 47 16 42 31 31 29 37 35 36 15 31 51 18 42 26 31 50 54 41 58 56 31 57 43 19 10 26 20 58 29 46 49 11 34 43 
38 24 33 33 9 59 56 31 31 43 21 13 56 39 28 10 35 19 27 41 22 31 46 53 28 27 50 37 50 17 32 59 42 14 14 47 22 60 23 28 16 15 7 11 33 9 18 23 55 59 59 43 35 39 34 19 57 56 54 49 7 29 29 38 26 16 16 19 29 53 23 24 18 35 28 60 10 8 48 41 52 18 42 10 43 48 28 32 24 16 46 57 42 50 34 36 58 49 16 24 
10 51 17 49 44 46 16 22 9 60 25 15 13 47 42 49 19 34 42 53 56 44 13 31 32 30 38 28 34 7 17 56 25 18 46 42 55 10 15 27 56 38 43 24 56 10 35 23 40 59 43 53 24 19 6 18 44 22 29 47 52 53 59 22 13 51 56 50 32 48 8 44 15 32 58 33 32 6 25 22 48 42 55 51 23 36 29 29 23 21 13 34 34 9 39 57 40 35 28 52 
52 37 6 34 45 35 17 23 24 14 9 54 11 23 27 59 35 59 27 29 34 22 14 10 23 17 30 8 28 41 34 19 8 29 53 8 49 41 56 49 39 22 16 55 27 44 50 38 28 48 17 18 41 40 8 47 19 12 39 60 54 56 41 12 60 33 24 57 12 17 16 38 39 22 11 57 43 8 55 46 48 8 55 26 50 6 51 38 47 35 50 15 56 6 43 27 28 26 40 27 
10 34 57 26 12 51 49 53 35 46 18 32 31 60 38 39 13 26 46 27 33 34 51 59 23 8 45 8 45 53 32 60 24 8 58 48 17 48 30 42 47 28 17 11 32 16 14 30 19 9 27 56 56 36 31 16 16 35 38 46 52 57 46 48 35 18 13 19 12 45 12 59 32 7 37 6 25 57 7 52 57 28 60 13 47 59 38 23 13 15 59 37 7 53 13 41 36 51 51 13 
39 17 33 17 58 54 16 18 29 21 58 45 49 34 32 6 39 19 58 15 14 6 15 8 58 43 7 49 32 31 24 52 51 7 9 26 59 7 13 18 33 30 46 21 39 14 55 16 57 26 27 26 22 38 20 25 45 42 20 34 52 41 9 29 50 58 7 15 56 23 27 50 36 32 18 23 8 15 15 50 20 49 7 41 38 25 44 18 52 18 33 11 43 13 41 55 26 49 51 46 
17 14 16 21 59 21 31 42 39 20 23 47 56 21 42 10 53 18 54 39 26 23 13 56 10 25 11 15 14 49 28 8 27 6 50 25 33 23 25 31 23 26 16 38 47 21 60 37 18 58 19 14 11 36 43 33 23 12 43 14 29 29 11 54 9 22 53 31 16 24 26 14 9 7 28 52 46 30 57 45 10 8 9 12 50 34 54 52 10 12 49 48 55 14 13 17 30 26 12 36 
18 43 48 44 8 6 46 49 52 38 57 44 59 11 54 43 12 42 36 43 44 39 29 11 6 35 15 55 55 11 32 16 28 6 10 16 21 52 17 60 14 26 35 36 41 17 27 12 40 21 25 19 56 12 45 20 48 26 28 23 40 27 42 12 10 19 34 60 13 47 20 8 46 29 6 49 60 10 29 22 47 18 52 15 29 21 52 57 7 18 45 43 37 9 54 25 57 10 9 14 
21 18 35 47 26 49 39 54 47 32 46 28 51 55 52 36 34 55 13 45 26 16 57 55 24 42 41 54 30 10 38 29 14 57 21 34 28 11 60 26 24 41 57 23 29 9 53 12 19 10 29 19 54 11 53 18 32 38 42 50 58 14 34 38 30 56 53 45 26 30 18 22 11 45 29 36 27 50 49 17 33 19 27 34 34 31 8 15 55 51 14 46 12 8 42 41 37 39 49 41 
13 24 6 7 43 44 16 9 49 20 11 56 13 16 29 41 59 21 46 54 11 45 12 21 15 14 56 29 59 16 23 43 37 50 55 31 8 12 50 43 17 14 33 39 31 19 53 30 47 47 30 42 46 22 18 34 29 51 26 52 19 14 6 46 30 54 45 54 51 17 22 6 11 51 18 22 50 23 26 34 20 37 23 41 11 39 8 33 51 7 34 43 32 37 53 13 52 22 50 14 
17 49 28 44 17 47 11 23 17 59 13 34 20 10 8 16 44 38 17 43 22 21 31 39 39 7 34 41 9 16 15 37 20 50 43 46 31 27 33 22 51 48 6 7 43 42 6 16 60 55 14 12 56 43 17 35 14 43 7 13 24 47 16 11 24 38 38 55 41 26 13 28 40 17 54 26 54 23 12 33 26 40 55 21 14 15 19 56 24 58 9 48 57 44 12 7 57 11 24 37 
39 13 20 31 38 52 42 55 48 12 12 54 41 53 15 8 48 52 14 33 15 45 20 13 8 35 19 28 48 24 53 23 58 36 16 6 30 60 42 15 38 49 49 44 48 34 49 49 41 10 51 58 49 46 38 27 59 9 48 28 48 35 48 17 37 38 50 44 31 47 9 30 41 37 35 45 50 57 45 25 26 8 56 27 42 44 53 37 30 38 13 27 54 27 46 27 13 23 16 49 
40 14 40 22 33 33 6 49 55 12 35 28 7 32 24 23 43 44 30 47 10 30 22 6 13 18 16 11 41 43 12 8 29 27 9 25 46 30 30 24 16 23 21 59 31 32 37 39 37 31 22 36 54 17 23 31 21 21 19 52 49 53 39 55 39 13 35 19 33 51 54 45 24 21 39 19 18 17 38 51 58 26 43 23 12 20 7 14 22 53 26 17 30 32 32 20 50 53 21 30 
38 24 38 56 13 19 29 32 50 49 9 51 25 35 23 59 33 56 39 32 19 58 54 53 56 13 39 21 56 24 36 8 12 13 34 45 56 57 24 52 36 37 22 14 53 29 19 45 19 14 27 25 19 59 47 51 23 47 55 54 56 47 20 44 55 10 6 52 13 10 12 34 29 10 17 9 11 57 48 16 20 59 53 40 48 43 38 40 9 30 38 47 18 47 7 26 6 41 31 45 
12 51 55 60 34 37 10 14 13 16 56 41 14 38 26 37 12 21 55 48 46 53 20 18 42 46 12 22 33 14 14 16 52 56 35 56 31 54 57 39 22 42 36 33 54 29 28 28 58 56 42 12 10 35 30 16 8 47 40 54 48 53 9 23 13 19 12 24 51 56 17 59 52 47 58 52 60 8 18 28 50 40 19 60 17 41 16 25 36 16 52 9 46 59 20 24 25 58 29 23 
8 7 44 47 60 14 39 6 46 14 13 14 31 55 58 13 33 55 17 22 59 17 18 16 20 17 31 26 37 22 27 30 29 39 32 56 25 25 18 50 53 27 11 58 39 8 17 18 50 60 57 40 51 22 57 12 19 22 44 16 39 14 53 34 23 32 35 13 14 15 22 56 51 12 48 46 49 45 18 27 59 47 46 26 59 60 34 9 45 55 36 12 19 39 58 35 46 33 25 58 
51 37 26 7 17 28 48 48 56 41 26 24 6 58 43 43 25 60 15 48 55 33 9 48 59 37 13 12 50 36 45 8 24 49 60 7 37 39 20 13 8 49 37 40 21 11 41 25 51 47 53 23 47 24 45 9 49 38 18 23 46 8 53 27 9 38 26 11 19 16 52 46 6 13 50 30 34 46 16 18 10 24 46 51 23 11 32 21 14 22 57 24 18 58 42 57 8 11 15 17 
54 40 27 17 15 16 50 28 30 18 60 15 52 12 32 55 40 11 58 57 47 24 51 12 34 28 60 39 46 55 18 43 28 40 38 32 46 48 8 30 60 27 32 20 53 47 30 35 60 13 56 29 25 45 13 22 57 38 44 19 53 9 20 50 52 24 21 56 40 35 17 29 49 8 24 52 28 60 42 21 18 29 11 18 10 44 18 53 7 39 48 27 15 6 13 18 8 22 9 30 
22 30 40 57 59 28 23 46 43 42 57 13 52 21 33 53 45 7 12 19 12 36 6 6 57 56 53 30 42 59 33 55 9 41 27 37 51 57 29 45 19 10 11 30 23 14 22 10 44 30 38 16 15 59 17 9 38 56 43 56 24 8 9 40 39 31 46 41 46 6 12 15 59 53 50 37 38 45 48 34 53 6 16 60 60 24 36 6 31 32 31 53 13 22 26 49 46 60 28 48 
13 55 15 13 47 13 35 7 9 6 36 14 54 36 55 32 31 25 40 27 17 42 17 48 53 34 14 24 45 34 7 16 40 27 19 47 59 23 27 29 30 24 33 12 33 40 54 10 19 16 20 50 22 7 25 43 49 47 17 54 58 46 17 59 47 24 15 27 44 43 57 18 39 19 19 24 20 16 22 48 16 52 25 17 16 10 55 56 52 18 46 13 50 57 17 35 56 48 22 45 
17 24 29 31 44 25 49 7 14 23 10 33 30 38 23 9 10 16 45 58 10 19 55 31 56 25 51 47 6 51 21 11 30 10 6 54 27 27 11 42 49 56 19 10 21 44 57 52 41 28 59 59 53 16 33 19 49 26 40 16 41 35 47 13 9 7 56 58 32 22 44 48 19 36 10 45 49 19 57 32 31 24 60 33 39 60 6 8 9 46 34 15 54 55 19 31 22 32 26 41 
53 12 19 32 40 40 60 52 28 53 39 34 11 39 35 23 29 55 18 39 43 28 52 17 44 8 38 34 32 43 6 6 39 34 33 9 60 47 52 32 12 31 23 34 25 57 21 18 32 51 15 38 16 60 23 45 18 35 45 54 21 60 54 54 21 24 22 28 23 60 6 21 60 18 50 53 34 44 55 11 24 11 49 56 42 8 8 55 58 17 48 47 21 42 16 59 16 34 39 38 
60 8 40 20 42 57 49 47 22 48 11 41 57 53 47 24 39 6 48 34 9 14 59 50 47 37 30 42 23 15 11 58 7 56 42 18 55 49 59 16 56 31 53 15 31 36 37 12 39 45 28 17 31 33 7 9 14 20 29 25 18 50 13 52 21 60 35 39 25 41 27 55 7 26 54 50 56 25 41 20 44 57 8 60 32 39 22 47 47 34 39 49 21 38 40 13 30 26 49 38 
36 58 15 42 22 18 39 58 42 16 8 17 37 51 55 42 59 57 50 27 24 35 16 30 33 41 22 8 10 47 31 18 28 55 32 31 22 15 31 11 53 12 41 44 41 50 19 18 38 59 54 26 41 17 17 21 18 59 20 19 52 57 20 58 34 12 24 11 20 53 21 56 32 9 30 53 12 25 49 12 58 34 44 44 24 14 17 23 44 32 54 42 56 27 40 26 47 31 52 60 
20 13 9 6 56 52 39 15 57 15 10 33 21 38 45 7 20 51 9 17 22 47 35 19 30 11 12 38 58 26 59 55 33 39 41 55 20 51 52 36 6 23 57 27 12 48 22 56 33 57 35 47 43 18 60 54 57 41 55 47 29 44 13 27 8 19 12 22 19 40 56 8 45 38 9 60 20 28 6 46 53 26 37 19 50 32 40 14 56 45 53 36 34 39 50 52 34 56 42 51 
36 37 45 52 37 57 7 39 20 18 22 51 43 47 29 35 49 41 42 46 59 39 7 29 46 56 21 16 8 47 51 6 13 59 10 42 27 41 16 32 34 21 17 32 17 8 23 29 52 15 45 57 55 58 51 7 57 11 34 47 33 57 18 24 23 9 38 55 48 35 42 35 12 17 45 32 14 41 7 57 38 44 39 51 31 22 6 46 45 32 44 16 8 55 12 30 35 9 11 33 
14 7 41 36 8 48 39 48 50 22 32 20 36 47 31 48 38 60 28 55 18 18 35 35 29 25 32 45 49 26 22 59 21 34 56 52 53 9 13 24 30 59 43 58 24 15 52 46 34 26 11 43 48 44 6 22 17 53 17 9 30 28 37 19 9 10 29 35 28 40 20 55 36 36 6 29 40 13 60 8 56 26 46 41 55 25 6 34 31 58 19 52 41 57 58 35 42 49 12 19 
11 16 21 49 34 18 29 22 31 14 47 14 18 20 28 41 32 26 55 39 34 23 11 35 8 37 51 47 31 15 43 14 22 36 43 20 44 21 53 15 55 7 57 10 22 58 25 44 19 18 15 54 56 40 53 39 34 40 46 17 29 41 55 52 48 35 48 14 14 50 45 34 30 39 51 22 18 53 59 35 19 37 28 31 29 37 30 52 13 13 27 17 47 43 56 27 54 49 38 44 
56 12 25 42 22 41 22 18 32 52 41 44 44 31 49 6 39 8 7 49 20 54 31 50 34 28 8 55 42 6 52 60 14 46 40 27 12 18 29 22 39 32 14 56 24 57 50 9 11 11 56 52 24 43 21 33 57 48 32 23 56 45 32 7 10 27 39 30 52 29 57 34 14 10 27 6 27 25 14 31 15 39 55 41 13 37 16 16 11 54 39 29 13 42 14 22 39 18 7 43 
28 15 30 53 40 51 7 8 57 35 39 10 55 28 58 39 22 11 52 26 20 50 9 23 58 30 51 54 59 8 49 49 28 46 55 55 59 35 27 45 42 57 57 49 29 8 56 44 17 52 22 52 17 14 36 47 23 23 30 43 12 10 44 21 33 30 38 28 36 19 56 41 60 50 9 24 39 43 6 21 44 12 31 6 43 41 23 18 57 45 18 16 22 48 23 15 57 31 42 48 
12 54 39 14 20 28 29 27 7 35 34 12 6 33 56 22 30 50 22 39 54 42 17 23 44 36 55 60 50 29 38 60 16 12 9 54 56 31 48 13 7 33 47 30 37 16 39 27 37 19 52 15 43 58 45 54 40 48 57 59 7 29 34 51 8 54 42 35 15 33 30 20 44 50 38 32 35 38 28 25 21 32 18 8 56 21 33 38 47 25 28 33 40 26 29 49 24 35 23 48 
9 23 35 32 48 12 34 21 23 13 57 57 14 52 59 33 54 46 32 8 38 39 33 59 48 45 33 38 57 60 44 23 12 31 17 37 7 15 26 57 17 37 40 44 35 39 17 60 14 12 35 59 59 24 43 54 40 50 48 38 41 32 25 31 43 56 45 44 46 60 18 8 59 34 40 25 15 51 11 14 60 10 42 28 6 6 13 18 55 14 16 21 35 28 45 56 34 17 52 59 
54 21 54 57 47 49 51 55 34 29 32 56 19 15 6 25 29 45 54 19 17 22 58 50 43 43 54 12 31 45 29 32 52 19 6 16 41 60 50 56 29 54 26 14 6 50 47 33 21 57 40 39 31 7 44 10 52 50 44 37 39 7 46 35 15 26 31 30 23 42 58 28 7 57 8 34 55 17 44 10 48 6 53 23 30 45 18 42 24 43 55 34 37 60 53 9 30 24 19 24 
14 11 54 43 53 37 20 57 23 57 56 11 12 43 42 56 7 59 22 48 57 25 30 15 38 41 7 50 11 30 30 53 58 36 27 33 49 56 41 14 25 33 30 47 57 24 31 40 7 48 51 18 8 13 39 21 43 36 24 49 37 58 28 54 9 38 7 18 13 9 60 10 30 50 47 48 25 57 27 60 14 43 22 11 23 25 26 39 13 40 59 32 14 31 45 33 17 29 24 52 
31 23 24 37 24 60 45 6 41 52 55 52 16 53 43 12 39 9 26 41 49 34 17 18 27 31 36 10 6 7 48 6 12 20 59 32 8 42 15 27 31 49 24 56 53 28 49 6 60 29 17 36 22 44 38 26 29 48 11 11 9 48 42 10 39 46 48 57 47 6 53 30 43 55 52 56 23 29 44 55 53 52 52 47 15 46 32 46 32 56 58 53 49 58 8 7 12 52 56 45 
22 37 37 53 42 30 26 17 59 46 22 47 31 18 19 28 58 18 41 31 42 57 50 28 50 12 9 20 45 48 31 44 7 25 20 17 60 13 41 41 38 49 51 30 31 44 51 49 27 56 45 34 47 34 25 48 27 44 59 54 19 39 57 39 58 18 32 15 8 56 53 35 58 45 43 52 8 31 60 16 19 7 27 44 24 30 17 34 7 18 57 18 57 6 43 14 18 40 10 42 
13 42 52 27 57 39 17 20 41 20 33 55 17 12 38 40 59 31 39 26 7 39 22 35 29 42 31 50 16 9 41 44 9 47 35 60 17 55 35 47 27 36 32 60 25 35 56 54 55 21 47 53 51 50 21 18 18 52 36 20 39 26 50 41 25 12 13 23 20 60 52 19 52 32 34 15 38 17 56 11 13 35 28 45 36 53 11 14 42 51 51 9 56 35 51 49 30 36 50 8 
42 22 6 28 59 7 24 20 41 6 7 55 8 53 27 15 29 60 33 37 47 28 43 31 46 13 44 58 51 27 31 42 44 30 47 13 24 37 19 28 52 52 45 12 42 18 41 55 54 53 13 33 48 54 26 25 9 11 46 59 49 30 31 35 40 16 15 24 55 25 42 15 48 52 50 37 47 53 51 60 21 31 48 33 47 6 7 20 25 36 16 43 12 38 14 14 8 13 14 22 
39 25 10 48 46 9 16 20 55 39 32 42 34 29 24 29 33 19 36 7 45 8 56 19 9 26 41 6 37 53 50 26 18 45 56 27 52 48 14 49 19 11 60 32 45 32 38 42 36 54 6 44 15 19 36 24 41 12 11 13 15 33 51 38 17 16 49 35 50 45 18 47 60 14 7 35 37 54 35 35 47 28 12 60 11 13 59 15 58 41 16 50 7 31 50 59 8 28 19 56 
49 44 40 34 10 53 26 48 59 41 57 42 47 43 48 15 32 6 60 22 9 25 16 16 25 56 18 30 32 42 12 43 46 37 22 29 46 44 50 39 10 49 48 15 42 40 8 40 33 17 9 17 15 55 25 43 43 39 33 41 24 25 30 21 10 50 49 51 19 45 53 45 47 39 8 10 20 55 35 26 29 54 9 52 60 42 16 31 26 9 7 17 51 15 7 40 54 46 56 39 
31 10 44 39 19 46 57 30 12 16 13 24 36 25 53 58 25 26 33 8 11 54 15 32 31 36 24 15 24 16 46 7 9 55 30 12 26 39 42 58 50 33 16 46 12 9 40 38 11 20 23 30 28 36 22 34 27 7 19 16 14 55 46 26 13 15 12 19 42 12 6 59 27 26 26 7 8 14 34 48 6 32 58 13 11 43 6 38 44 48 41 41 33 33 16 35 31 26 42 41 
27 17 48 46 58 56 35 28 51 51 29 51 39 56 39 33 24 6 51 43 52 16 14 47 42 7 30 31 30 51 39 53 21 19 25 48 22 30 54 10 14 59 12 33 27 25 48 21 39 8 21 58 31 37 50 41 58 49 18 14 36 48 47 23 34 16 31 43 17 35 26 46 16 39 15 17 45 34 54 53 20 16 18 49 39 40 52 44 45 56 17 36 41 31 34 27 42 9 56 51 
45 46 26 21 22 12 48 46 20 18 22 52 16 51 60 28 46 15 51 13 11 7 24 40 55 33 47 32 13 60 30 6 55 28 7 56 54 8 17 33 43 60 12 6 44 57 12 29 22 17 10 8 39 41 46 35 20 28 18 48 8 60 12 25 26 45 20 57 16 8 26 13 18 39 58 22 16 58 46 7 52 28 20 15 53 15 51 31 19 12 59 23 54 59 43 18 38 28 29 14 
16 6 9 15 46 28 14 36 55 36 35 15 44 32 6 46 43 56 42 39 54 11 52 47 26 41 22 47 28 25 41 14 42 7 33 54 20 43 45 45 56 26 48 7 60 7 42 41 14 28 27 6 18 49 53 9 44 11 7 8 36 11 58 57 22 33 52 48 11 25 54 32 16 29 45 7 53 26 48 23 56 49 45 50 38 58 60 54 57 40 43 53 41 50 36 10 34 34 60 8 
46 44 10 26 21 44 38 59 57 7 16 55 46 53 44 35 51 41 23 6 8 53 56 53 39 9 9 20 49 23 31 25 43 45 13 8 44 20 15 55 42 49 26 49 19 50 9 42 15 23 38 48 36 36 27 44 50 46 35 30 40 31 6 15 21 38 11 47 18 48 11 54 55 44 42 42 59 54 47 11 48 35 15 28 21 20 32 50 51 59 25 35 45 28 47 34 39 49 46 20 
47 46 55 43 26 7 58 25 45 43 20 22 28 34 49 30 57 50 57 51 23 42 21 34 53 12 38 36 20 42 14 15 33 29 59 7 34 45 39 12 17 34 42 32 53 26 18 8 35 55 53 14 25 49 47 23 49 41 55 49 40 58 43 46 40 8 7 48 24 31 54 51 24 60 31 36 48 36 23 27 37 9 36 27 38 14 33 16 23 26 22 27 28 42 8 23 21 7 55 36 
30 22 50 38 19 26 24 41 57 36 43 60 18 23 57 11 30 21 50 41 24 7 28 7 27 49 44 40 38 42 60 35 35 9 55 24 32 31 14 14 9 56 27 38 53 59 55 49 46 10 51 45 46 7 18 12 42 12 47 44 9 52 13 25 48 7 12 40 18 58 18 14 17 24 31 30 42 23 9 16 57 45 44 55 40 40 59 7 28 27 29 20 28 15 23 44 51 37 31 60 
58 8 54 39 26 25 7 58 31 9 48 8 13 56 28 31 9 27 40 14 18 6 29 30 40 56 8 31 58 11 19 48 39 28 58 19 26 14 29 47 58 38 44 57 22 10 23 22 43 55 28 11 58 11 52 53 25 31 55 55 7 35 37 12 7 52 14 54 12 12 57 12 21 33 37 28 15 33 9 9 21 35 57 25 58 57 55 53 20 48 15 24 54 18 26 59 6 58 38 40 
18 56 45 48 50 7 40 46 25 6 46 25 16 16 38 12 35 22 11 59 27 54 31 30 54 49 33 9 35 39 25 7 12 20 6 13 17 23 7 13 57 6 30 8 12 51 29 49 48 48 56 37 42 30 10 40 50 57 36 26 60 26 51 8 53 8 11 8 53 24 15 34 45 14 40 37 24 8 26 26 15 10 41 21 60 14 48 35 15 53 8 48 23 47 16 16 60 35 46 58 
50 13 12 20 9 39 7 52 55 16 28 15 23 48 29 9 48 13 52 40 43 15 45 59 12 59 45 39 29 55 13 22 9 27 58 15 18 55 10 10 54 51 6 27 29 58 21 17 13 55 32 39 56 28 42 28 26 30 59 6 6 12 41 32 22 24 47 34 20 42 43 32 16 26 27 52 29 60 44 33 54 27 49 55 27 16 44 9 46 50 20 20 38 22 12 46 13 23 29 40 
8 14 31 9 26 15 8 44 42 34 12 8 8 58 50 18 10 15 35 60 42 47 46 57 6 44 18 11 17 39 54 32 27 50 15 17 42 41 11 11 52 20 16 51 53 58 58 23 26 17 34 47 21 9 31 48 40 31 34 6 47 26 60 39 22 42 42 48 14 58 29 21 32 14 41 25 26 24 60 27 15 34 30 34 13 41 29 15 27 52 50 26 31 38 19 43 21 16 55 11 
45 59 15 59 45 38 23 41 37 15 15 8 32 50 17 48 48 10 25 50 54 30 25 57 53 20 56 22 8 58 47 22 37 33 19 42 42 14 40 11 43 41 53 46 57 16 12 46 11 26 36 56 16 10 24 23 6 56 39 54 59 10 34 60 16 20 49 19 51 36 26 42 42 48 43 16 60 45 40 58 17 15 9 22 8 41 41 47 11 16 17 55 18 15 42 14 45 22 43 36 
36 7 29 47 17 40 43 46 16 10 57 25 59 6 35 45 20 24 8 53 20 23 54 55 58 35 15 31 49 53 60 7 19 28 20 34 26 24 25 57 15 23 48 11 45 45 37 25 35 10 22 15 54 19 49 44 49 55 22 49 10 14 18 49 28 58 45 55 50 46 52 51 49 12 58 41 45 42 23 49 48 12 11 27 11 44 15 41 50 17 27 15 42 39 56 13 37 15 20 23 
31 42 14 48 54 17 9 23 12 57 59 14 13 15 43 42 50 56 51 21 16 24 11 39 18 33 53 15 20 40 39 29 11 50 29 12 9 49 54 42 30 14 41 27 11 29 37 20 59 9 7 23 20 12 47 33 30 16 54 34 40 18 11 38 8 22 50 32 50 56 47 14 41 26 22 18 47 41 56 21 20 36 53 21 40 8 47 55 11 28 38 60 49 10 6 32 23 10 37 23 
24 31 60 19 59 33 53 28 43 10 32 8 44 38 7 17 60 20 31 45 8 30 48 30 18 16 41 56 7 32 26 59 34 32 27 56 28 26 16 52 26 30 48 7 25 50 20 46 55 40 20 47 17 32 15 54 37 14 43 24 30 54 34 17 48 47 13 21 28 47 51 16 33 31 45 31 41 13 37 44 35 10 38 33 36 12 7 58 16 18 25 35 12 30 25 35 18 11 22 7 
47 30 28 55 19 26 24 44 33 57 44 17 54 53 6 21 26 16 50 34 45 45 30 31 13 60 22 27 14 34 55 48 19 42 33 19 58 16 60 16 60 51 47 49 42 50 59 41 10 32 6 55 60 34 20 54 10 31 51 53 34 12 13 20 11 49 14 7 14 56 51 38 15 24 38 47 48 45 45 35 40 58 22 17 38 47 46 31 49 7 21 34 47 52 30 45 37 6 38 46 
32 11 18 47 10 8 10 10 55 12 8 59 13 35 55 15 19 31 53 50 10 21 37 21 13 25 7 48 12 54 58 36 50 21 21 56 26 34 51 44 6 22 24 37 57 15 58 12 6 27 6 49 12 28 44 8 58 20 52 49 42 6 22 40 13 39 45 21 30 20 32 9 19 20 41 53 27 12 20 53 11 40 33 19 21 6 49 44 47 10 6 32 42 36 6 53 30 9 49 59 
53 19 59 49 9 18 41 54 54 54 29 22 48 33 16 11 24 58 29 53 22 29 38 56 44 38 18 46 22 7 33 30 24 50 49 28 19 6 47 50 19 47 47 19 25 40 7 45 6 57 7 52 39 57 36 55 55 23 57 52 11 6 37 33 9 41 15 53 21 15 58 50 44 43 47 57 19 21 49 40 60 18 13 14 13 55 45 8 8 26 53 31 42 20 47 51 19 24 12 15 
13 58 49 10 59 12 55 25 36 36 13 25 30 11 58 12 21 38 38 19 50 23 35 47 48 11 60 27 21 58 31 8 28 58 28 44 46 16 31 36 32 35 40 33 44 52 45 28 59 43 21 14 14 49 51 46 30 54 27 43 51 7 38 45 6 28 37 30 50 41 20 8 39 8 43 22 16 59 48 28 11 57 36 53 19 38 26 55 40 16 34 10 15 51 46 33 22 48 49 56 
47 50 52 25 46 10 29 28 29 44 14 30 42 44 13 51 55 17 34 38 18 34 47 26 33 33 37 14 26 41 35 8 34 11 40 59 36 6 46 43 51 12 38 29 29 57 44 60 18 46 35 8 37 40 39 58 43 40 11 12 16 50 8 29 12 50 44 20 19 36 47 17 26 10 7 10 48 52 16 22 33 19 50 49 38 50 15 29 38 39 34 24 6 45 41 17 48 10 34 40 
28 44 27 55 7 23 43 53 23 50 29 42 56 23 14 40 52 53 44 43 38 49 14 24 15 18 14 42 40 33 8 33 31 57 45 55 35 12 24 43 33 41 35 28 36 50 55 35 38 12 59 50 40 52 37 9 9 17 45 39 14 7 49 37 32 59 53 53 23 13 10 21 28 20 34 10 37 9 28 49 10 29 49 49 24 32 10 34 19 36 23 37 23 56 33 54 16 50 16 13 
58 7 34 49 31 51 39 33 18 17 59 51 9 31 36 10 35 16 58 43 18 49 16 57 26 35 24 50 7 9 32 45 35 16 11 41 10 11 55 12 22 19 46 33 10 23 49 48 25 16 54 9 19 51 53 30 44 51 59 21 7 53 15 46 60 57 37 59 46 57 43 27 23 15 37 56 33 38 49 44 49 52 48 18 54 9 6 15 24 8 28 54 39 15 40 42 25 42 6 39 
34 18 53 33 39 45 37 55 33 17 27 10 43 37 40 48 18 34 14 51 21 51 51 20 45 17 41 60 37 11 33 23 43 31 16 7 56 45 57 23 38 35 29 17 12 50 40 35 14 48 31 55 15 55 43 50 24 12 33 52 11 20 19 40 59 40 35 41 41 57 10 41 28 40 17 59 15 55 37 24 26 49 54 51 18 46 54 55 8 25 38 58 37 43 16 44 14 45 12 54 
34 9 27 47 44 21 30 38 9 37 49 17 9 29 46 58 51 28 29 10 22 26 30 14 52 13 56 13 29 57 57 11 28 19 49 32 37 45 17 59 15 57 26 7 13 13 26 25 33 31 21 53 15 46 24 55 27 40 50 25 55 13 52 50 14 44 27 56 30 49 11 49 23 9 45 49 34 40 31 40 48 13 37 10 26 23 44 29 23 15 44 36 21 60 7 55 35 35 50 23 
27 44 9 52 43 33 59 41 13 41 9 49 38 17 46 34 8 42 55 9 41 37 28 56 41 51 16 51 29 9 59 44 38 19 33 53 30 48 57 55 39 32 10 35 40 23 6 22 38 35 24 32 29 26 21 11 19 26 33 36 41 28 28 9 33 28 51 15 57 19 13 24 27 48 55 27 51 11 13 39 54 47 49 15 35 49 26 53 35 34 8 52 29 18 44 56 19 51 12 34 
34 59 37 41 38 50 34 16 39 60 11 35 44 26 15 53 46 58 22 53 57 46 19 18 23 42 8 29 47 10 52 25 57 16 26 9 52 19 19 47 40 8 28 7 56 25 55 48 57 38 49 37 19 38 45 20 47 42 16 26 59 51 14 26 38 18 35 41 50 59 10 42 41 26 24 58 24 20 55 53 50 46 38 18 49 51 23 23 30 6 27 15 39 16 22 45 55 49 48 45 
59 16 35 40 25 32 46 26 11 45 57 50 26 45 27 46 51 24 9 48 47 51 57 40 41 56 30 36 11 35 38 14 17 48 40 26 12 25 29 40 50 47 55 26 59 23 43 39 15 55 18 54 16 52 19 44 43 47 35 23 14 60 28 58 33 30 7 14 15 18 54 37 28 14 41 54 34 26 33 42 16 57 44 52 30 42 43 24 45 51 17 21 52 48 16 13 55 6 26 24 
24 25 52 27 36 31 13 28 43 31 48 58 56 17 10 21 53 27 51 56 47 19 10 49 51 33 13 40 46 48 43 31 52 26 15 26 45 59 29 26 49 38 58 19 33 40 16 49 35 57 46 54 20 24 31 35 17 13 19 41 60 8 41 52 23 15 42 47 48 17 38 57 47 26 20 56 7 32 7 47 18 44 30 12 47 29 50 28 59 38 50 46 10 57 37 16 13 23 9 19 
37 27 11 50 12 11 56 24 50 43 35 40 24 32 43 53 46 24 12 44 51 45 52 16 43 36 27 52 35 39 19 22 19 16 10 15 22 47 52 47 11 43 11 60 33 35 52 6 15 55 43 34 21 40 43 35 56 41 52 30 58 9 39 22 27 8 36 36 16 52 10 53 28 57 53 28 32 29 55 12 60 21 60 18 42 12 8 8 7 16 45 54 32 19 29 31 53 57 27 52 
57 41 44 45 14 30 46 19 42 29 11 16 19 39 58 56 32 34 31 13 9 6 10 54 50 59 56 57 22 49 35 16 46 32 10 11 12 43 8 14 41 60 9 23 50 27 6 15 32 15 39 55 50 7 40 40 40 37 57 27 22 21 34 19 38 29 53 60 54 11 27 13 11 49 49 52 54 37 19 14 22 54 25 48 47 41 44 58 32 39 9 10 22 12 16 42 18 13 28 60 
22 40 56 7 48 40 36 10 40 56 52 46 39 60 40 40 31 27 33 22 54 60 52 34 14 44 57 23 38 23 33 20 52 9 14 28 49 45 52 7 57 50 13 47 59 9 51 51 49 11 6 18 50 48 37 51 57 52 26 33 43 40 21 16 46 58 47 21 11 6 37 22 60 22 20 19 12 30 44 15 21 19 43 39 26 58 29 26 8 23 58 27 24 60 7 47 22 48 8 16 
13 11 42 50 51 36 39 23 20 30 55 31 48 47 32 29 46 22 47 57 29 55 53 43 60 26 18 56 38 34 26 43 50 51 6 26 41 21 52 28 42 53 24 24 11 44 27 53 18 51 12 30 47 14 50 30 24 47 43 19 24 34 32 44 15 49 8 51 10 53 44 18 56 48 14 56 11 40 20 56 41 31 17 34 49 9 49 27 16 19 44 55 32 50 51 12 37 51 59 36 

18 23 20 25 15 17 25 24 16 21 15 18 23 25 16 20 25 24 22 24 24 17 17 23 16 24 22 16 20 17 17 19 16 21 20 22 19 22 19 17 24 22 15 19 19 21 16 20 25 16 24 23 15 24 23 22 22 23 17 15 16 24 17 17 18 21 19 17 21 22 23 24 18 17 17 23 24 16 19 20 23 25 25 24 23 20 18 18 19 20 15 19 18 22 15 20 25 25 19 25 
15 15 25 21 20 22 19 16 19 25 22 17 24 24 17 21 17 15 15 25 18 17 17 22 18 22 19 24 24 21 22 23 15 16 23 15 18 15 22 18 25 22 25 22 22 20 21 15 24 24 19 25 15 23 16 24 15 17 15 17 16 23 23 21 23 15 21 19 25 25 15 17 25 17 18 15 15 25 23 15 24 22 19 24 18 22 16 17 18 19 23 17 24 22 18 21 18 22 16 20 
21 24 22 23 20 24 25 16 23 19 21 17 25 17 20 17 20 25 19 19 19 17 25 17 19 22 20 25 25 22 15 21 23 20 25 24 18 25 20 17 21 25 15 24 19 22 24 20 17 22 24 21 23 22 24 16 25 20 22 19 24 18 22 18 20 17 19 23 20 19 25 22 22 18 16 17 17 22 23 21 18 15 25 23 17 18 23 22 19 24 23 20 17 20 20 15 17 18 19 18 
19 19 23 17 24 25 25 20 24 19 18 17 25 20 20 16 20 18 16 23 15 20 16 18 25 22 21 17 20 24 21 22 22 18 20 24 19 23 25 18 18 23 15 19 18 16 23 18 17 22 18 19 25 20 23 18 21 16 24 16 16 22 23 19 20 22 19 17 19 16 25 24 15 15 20 25 19 15 20 23 24 19 17 18 22 22 17 19 23 22 19 21 20 23 19 21 17 15 24 21 
15 20 24 22 23 19 15 24 19 21 24 20 24 24 15 20 20 22 24 23 20 23 25 20 16 23 22 20 24 21 23 18 24 20 23 25 19 18 24 19 19 16 16 24 25 19 17 18 18 17 25 19 15 15 18 19 21 19 25 17 21 18 21 19 18 23 24 24 24 23 20 23 21 18 23 22 16 21 23 22 15 18 25 21 17 24 24 18 23 18 16 19 18 22 25 25 22 18 17 21 
22 25 18 24 23 17 18 19 24 16 19 25 16 17 24 16 21 18 21 24 21 17 22 20 16 23 23 23 25 18 23 19 16 19 18 20 25 23 21 21 24 23 15 21 25 18 22 21 22 23 21 25 23 24 25 19 20 16 17 18 22 22 22 25 15 20 24 24 22 16 24 25 25 20 22 15 15 23 19 22 20 15 21 21 25 15 20 22 21 17 25 20 15 16 20 18 19 25 16 15 
15 25 25 25 21 22 23 21 16 15 16 16 17 15 20 17 22 23 25 21 23 23 16 22 15 15 22 23 20 19 23 23 19 25 21 25 25 17 25 15 23 24 24 17 24 16 25 21 20 18 15 20 15 18 25 17 16 18 16 19 21 20 21 18 21 25 20 25 19 25 18 25 17 21 16 22 22 25 24 19 22 22 22 20 16 15 21 21 19 15 22 21 24 17 25 21 21 15 15 22 
23 17 15 17 17 19 15 22 24 18 18 24 23 25 16 19 19 21 16 22 19 24 25 24 24 19 18 25 22 17 21 19 15 15 17 24 15 25 23 16 21 24 16 24 21 19 20 15 22 21 24 23 16 18 22 22 17 17 15 16 19 17 17 22 21 25 18 23 16 15 24 20 22 15 25 18 17 23 16 17 20 15 18 19 18 23 16 21 25 23 17 17 22 16 23 17 23 23 23 18 
19 22 20 22 15 20 19 15 22 23 15 23 19 17 22 21 17 20 17 24 25 15 17 23 22 19 23 19 24 23 20 16 17 21 23 18 22 25 24 20 16 24 21 15 16 20 19 15 17 20 21 23 20 24 23 25 16 23 21 19 22 19 24 18 24 15 17 18 16 23 19 17 22 17 21 21 20 19 25 21 19 19 19 21 23 20 15 22 21 18 15 25 23 24 23 23 20 24 19 19 
19 25 22 19 17 25 25 24 18 16 22 22 18 16 25 17 24 25 21 19 17 25 21 25 25 23 16 21 25 24 18 24 23 16 25 24 24 19 24 19 24 17 19 20 19 22 23 16 22 25 20 22 21 15 21 18 25 24 24 18 18 20 17 15 22 23 18 15 15 20 15 18 15 19 20 16 18 23 18 20 21 19 23 16 22 19 19 18 25 22 16 15 17 23 23 24 21 21 21 16 
15 24 22 18 16 17 18 23 19 16 20 24 17 25 16 21 22 15 22 22 19 16 19 19 21 16 24 16 16 23 19 19 18 19 22 20 25 19 19 25 20 23 19 15 16 19 23 15 20 22 19 24 25 19 15 15 25 17 21 18 23 23 21 17 25 15 22 18 18 15 15 17 18 21 17 18 20 15 25 24 15 24 25 22 23 23 24 23 21 23 23 18 19 15 23 18 23 22 20 20 
23 18 16 20 19 20 21 22 20 20 20 19 24 20 24 15 16 19 20 16 18 23 20 20 22 15 16 18 25 23 16 23 21 24 22 15 16 25 24 22 15 24 25 20 16 16 23 20 23 19 25 23 18 25 16 21 18 24 18 18 25 15 23 16 15 15 22 16 16 16 24 24 17 25 22 18 17 19 25 19 19 23 25 21 22 18 16 21 23 18 17 16 20 19 20 22 17 17 15 15 
25 19 24 18 21 18 21 16 21 19 18 20 25 17 24 22 20 17 20 15 25 15 23 15 23 19 22 24 17 19 24 21 25 24 20 15 23 25 17 15 23 24 21 25 20 16 17 23 16 23 15 17 20 19 23 20 20 25 20 22 19 23 18 24 20 20 22 23 20 20 22 25 23 16 15 15 22 24 16 24 16 19 20 16 21 17 20 15 20 17 25 17 16 19 25 19 17 20 16 21 
15 15 19 22 21 18 23 22 23 17 17 15 22 21 18 22 24 19 18 17 15 18 21 25 21 21 23 15 22 16 24 15 23 25 23 24 21 17 23 20 16 25 22 18 21 16 19 17 24 15 21 21 20 19 18 18 25 18 19 15 21 15 18 18 15 23 21 22 20 24 18 15 21 23 23 19 21 15 22 21 15 25 19 18 24 25 17 15 19 21 20 20 18 15 18 21 17 23 18 17 
25 25 16 18 22 25 18 21 16 22 18 24 22 21 22 15 20 23 17 23 19 24 23 17 16 21 15 23 20 19 17 18 16 19 20 22 18 16 23 22 25 21 21 16 22 18 24 23 21 16 18 15 17 22 24 20 21 24 21 23 15 18 15 25 24 18 24 23 24 16 18 19 16 16 24 15 20 17 21 15 22 25 16 16 22 15 17 20 16 17 17 16 15 21 20 25 17 18 18 25 
16 22 17 25 25 19 20 22 16 24 15 24 21 20 21 21 17 17 23 23 24 24 24 21 20 20 21 15 21 19 20 25 16 21 24 24 18 24 23 15 24 22 15 21 17 16 25 19 17 15 21 23 18 23 18 18 17 24 18 25 16 21 17 21 18 20 20 15 18 23 15 20 25 23 15 24 22 19 25 24 16 20 17 24 15 22 23 25 24 22 19 17 19 17 15 21 19 19 17 19 
15 15 18 21 15 15 24 21 24 21 19 25 19 20 19 19 24 16 21 19 18 25 25 25 22 17 18 16 18 19 20 15 15 16 25 16 24 19 22 19 16 16 24 22 19 15 19 17 23 17 24 17 22 20 19 15 17 20 20 21 20 22 18 20 17 20 15 15 19 16 25 20 15 23 17 17 19 19 22 16 16 21 17 15 16 21 25 18 17 25 23 21 20 20 23 24 18 21 20 18 
25 22 23 20 16 17 15 19 21 24 23 22 24 24 22 23 15 23 21 15 25 23 19 24 16 20 20 21 23 21 17 24 17 16 16 17 25 15 15 25 17 19 24 17 25 25 21 16 22 20 18 25 18 25 22 15 19 20 22 25 21 18 23 18 16 16 23 16 16 21 22 24 19 24 22 17 24 15 21 20 18 23 16 17 17 22 21 23 22 18 20 18 18 21 22 21 15 15 21 25 
19 19 17 18 19 21 20 21 24 21 19 23 19 24 19 20 16 18 22 25 18 17 18 17 24 20 24 24 22 15 19 19 20 25 21 17 15 17 24 19 22 19 23 18 21 23 15 17 19 24 19 24 22 19 24 25 15 22 20 19 15 23 24 18 16 17 20 15 23 16 25 23 15 16 25 25 19 20 19 15 25 21 15 15 16 23 18 23 21 16 25 21 20 21 17 22 21 16 24 25 
15 16 17 21 19 15 25 23 18 16 19 23 17 18 22 15 24 19 18 23 23 20 15 17 25 19 16 18 25 21 22 16 25 22 23 18 24 23 22 16 23 20 16 16 23 21 20 25 23 16 18 20 23 16 17 20 17 23 17 25 19 23 20 24 24 24 17 18 25 18 25 20 20 20 18 24 17 22 24 24 19 15 24 15 19 18 24 24 17 25 19 19 21 16 19 23 21 19 15 23 
23 19 21 15 15 16 16 18 16 23 24 16 20 19 18 25 18 16 25 23 17 23 18 18 16 18 21 20 19 18 25 16 18 24 25 15 22 17 17 18 16 25 22 19 19 18 25 17 16 24 19 24 18 25 18 22 16 19 23 25 21 19 25 18 15 22 21 22 23 19 19 22 15 21 25 21 15 16 24 17 21 15 20 24 25 23 24 21 16 17 21 25 18 25 20 19 22 23 23 19 
21 18 21 15 21 24 18 21 17 17 22 21 25 25 16 23 22 24 21 17 18 22 18 20 15 19 17 24 22 20 20 16 15 16 17 17 23 22 23 19 23 21 20 16 20 21 25 22 17 25 24 21 23 18 17 18 16 22 20 15 25 15 23 23 16 16 17 25 16 15 19 22 18 23 17 18 18 20 24 21 23 24 24 18 21 22 24 25 18 18 17 21 21 25 22 19 25 23 21 17 
23 17 21 23 22 25 17 24 19 24 16 24 22 23 24 25 20 15 15 21 18 22 16 19 22 22 16 20 19 24 23 21 19 22 17 16 17 16 24 15 16 25 25 24 16 16 15 20 22 25 22 17 19 20 18 18 23 18 18 16 22 21 15 21 15 23 19 22 21 21 17 24 16 23 17 24 22 17 17 25 22 21 17 23 17 20 25 17 21 16 25 17 17 25 19 15 16 25 19 24 
22 16 18 17 25 25 18 23 15 22 25 19 20 18 23 16 21 17 24 16 15 23 20 24 20 15 23 22 16 20 24 18 15 25 20 15 24 19 17 21 18 23 23 15 19 24 15 22 19 23 21 16 16 17 19 22 18 21 16 18 23 16 21 15 16 24 17 22 16 21 21 20 24 24 16 22 22 16 25 15 22 19 25 22 16 17 23 22 15 21 21 25 18 18 15 15 24 20 22 15 
25 24 22 16 21 17 19 22 24 25 16 18 21 21 19 20 24 20 24 18 25 17 15 17 20 24 19 18 19 21 16 25 20 20 24 19 25 19 25 21 22 19 18 19 18 17 19 25 25 22 18 24 25 20 18 23 20 19 19 25 24 20 18 25 21 16 15 24 23 24 17 23 23 17 20 19 19 23 21 18 22 22 25 19 19 25 19 20 15 20 25 15 20 15 23 20 18 19 16 21 
25 23 22 18 25 19 17 24 25 20 22 25 17 20 22 15 20 16 25 20 15 15 16 23 22 15 15 17 15 15 15 22 17 17 15 17 19 21 23 24 18 24 25 25 20 16 25 23 19 16 16 24 24 18 24 20 23 20 22 22 20 21 25 25 23 18 17 18 21 18 25 22 20 21 21 20 17 19 20 15 20 24 24 15 19 23 17 22 23 24 21 25 24 21 23 25 15 16 21 18 
25 21 19 15 25 19 15 21 24 15 18 25 16 25 18 24 25 16 19 18 22 25 20 22 17 17 16 21 22 15 22 23 18 24 25 15 25 25 20 20 21 17 18 19 18 19 23 25 16 22 19 25 17 22 21 18 22 15 19 15 24 21 24 15 25 22 16 20 21 19 17 23 18 17 20 25 22 17 15 21 23 23 25 25 19 16 24 19 24 21 25 16 17 18 25 18 16 23 17 20 
20 24 17 15 22 21 17 16 20 18 23 22 25 21 19 16 15 17 23 18 16 23 17 16 15 19 22 24 24 23 23 23 18 15 18 19 19 17 16 22 24 20 25 23 16 16 25 23 20 25 17 19 24 22 16 17 15 24 19 23 25 15 19 16 16 15 18 20 19 21 18 19 18 18 15 22 20 22 24 16 15 25 17 23 25 19 19 17 22 17 15 15 20 23 16 20 17 18 18 17 
16 17 16 22 21 18 25 23 21 21 18 23 25 21 17 16 21 22 25 19 15 17 22 15 16 18 20 23 18 21 21 21 25 24 23 22 21 23 22 16 17 20 24 20 19 18 15 19 22 18 25 24 16 22 24 19 23 24 16 21 21 23 18 22 25 17 17 20 21 18 23 16 21 21 15 22 17 24 20 22 19 21 24 15 22 15 21 16 24 16 17 24 21 24 25 20 18 24 17 25 
23 25 22 17 25 17 22 25 21 21 22 18 20 24 22 15 21 18 15 20 15 22 17 18 24 25 24 23 21 15 24 21 18 21 17 16 16 19 17 16 17 17 15 23 20 24 23 15 25 19 17 22 19 20 17 15 23 18 22 21 20 22 15 18 16 22 18 23 15 24 20 24 24 18 24 15 21 20 23 17 23 18 20 15 18 18 17 17 17 16 22 16 21 25 21 21 23 18 25 21 
15 25 22 18 16 19 22 22 15 18 16 15 20 15 23 25 19 19 17 22 16 20 19 23 22 19 20 19 20 25 20 21 24 22 22 23 22 25 20 16 25 21 18 22 22 21 25 24 25 19 20 16 20 15 24 22 18 23 16 18 16 17 17 17 24 24 15 23 18 23 24 18 20 21 19 16 18 20 20 22 22 24 19 16 17 24 17 15 20 21 22 17 25 15 17 22 17 21 22 15 
19 17 19 24 16 18 15 20 18 22 20 17 25 20 19 24 16 22 21 25 18 22 21 22 17 22 24 16 24 25 22 22 19 20 20 22 15 16 23 15 22 19 25 19 25 24 22 21 18 21 24 18 24 19 19 24 20 20 20 23 25 19 19 15 18 17 22 25 23 17 21 22 17 21 17 22 17 20 16 19 23 25 17 24 23 20 20 19 20 24 23 16 24 18 22 23 16 23 25 25 
23 16 25 24 21 18 17 18 17 18 24 17 16 18 19 21 19 15 15 25 16 25 22 20 19 17 21 16 17 20 17 24 18 21 24 23 23 22 24 23 22 17 18 23 18 23 25 25 24 16 19 16 22 21 18 25 22 19 16 25 24 21 20 20 23 23 22 16 21 22 22 21 23 16 25 22 24 15 22 21 23 22 16 25 23 24 19 18 18 20 16 16 21 24 23 18 18 24 22 25 
18 23 18 16 24 19 17 25 17 24 22 17 24 25 24 20 25 20 21 23 24 18 15 23 15 17 22 21 24 17 17 18 20 20 22 25 16 22 24 16 17 20 24 25 22 18 23 21 22 23 18 19 19 17 15 19 15 22 24 19 21 18 25 25 21 21 23 24 24 19 23 15 17 17 20 18 15 25 21 24 21 19 17 20 19 17 15 19 25 24 21 15 17 23 15 16 21 15 19 21 
16 23 23 19 22 19 18 17 25 22 25 16 22 24 15 19 18 21 18 15 20 18 19 22 19 15 25 19 24 15 21 16 17 15 17 24 25 18 24 15 21 22 25 17 21 15 20 19 17 17 16 25 23 16 19 21 21 23 23 21 16 17 15 19 24 15 20 17 19 21 15 17 17 18 15 18 17 20 22 24 15 17 16 22 18 16 16 16 22 16 23 20 17 23 20 21 25 16 19 18 
16 16 21 18 19 22 22 21 24 21 18 16 24 15 17 24 24 23 17 22 25 16 22 20 16 20 23 19 19 22 17 15 15 18 15 23 18 23 23 20 19 19 15 23 21 15 21 19 21 17 16 22 21 18 21 23 17 23 25 24 20 20 19 23 17 23 22 25 20 25 20 17 20 20 24 15 15 18 23 19 22 17 20 19 20 25 23 25 20 21 18 19 23 25 19 23 21 22 20 20 
19 19 17 19 16 24 17 19 18 23 20 24 18 23 15 21 15 17 19 23 24 25 20 23 16 15 17 18 24 16 19 15 23 17 20 22 22 21 22 23 24 21 23 25 20 24 19 17 21 15 15 25 24 24 17 19 17 22 16 19 22 17 19 25 15 17 17 19 16 15 22 19 20 18 23 18 19 22 21 20 19 23 16 24 18 15 17 23 20 24 19 18 21 18 16 16 19 16 17 24 
22 22 22 21 18 18 17 22 18 23 22 23 24 16 25 22 20 19 25 22 21 18 19 17 22 23 22 19 20 21 21 15 24 19 16 16 25 22 18 22 16 20 23 17 17 20 20 18 22 23 18 19 24 18 23 17 17 21 21 22 18 18 18 19 16 19 16 24 21 18 21 23 22 19 22 25 24 21 21 22 24 20 16 19 25 18 22 18 24 25 22 23 18 16 20 24 19 22 18 20 
25 24 24 23 23 15 21 18 16 22 21 19 25 17 24 21 16 17 15 19 22 19 24 22 22 21 22 21 17 25 19 15 21 22 16 25 19 21 21 17 15 24 20 18 23 18 15 22 25 25 22 16 20 23 25 19 22 18 16 18 15 19 25 25 19 25 15 15 18 19 18 15 25 24 22 23 24 22 20 23 24 19 19 15 22 21 24 17 16 21 19 18 19 23 15 21 25 18 16 23 
24 25 23 21 23 22 18 25 24 24 15 19 20 15 20 25 23 22 25 15 17 22 24 21 22 25 16 25 25 15 21 15 16 20 19 22 25 18 19 15 18 22 16 17 18 17 21 23 25 15 21 17 16 24 16 18 24 18 25 16 25 25 17 22 22 16 18 23 20 22 21 20 21 25 20 15 21 18 19 16 20 22 25 19 19 19 24 15 22 24 21 22 15 22 25 22 17 15 15 25 
23 25 24 19 16 15 21 17 25 16 17 15 22 23 23 16 23 16 19 22 20 21 21 19 17 20 25 18 16 17 19 15 16 19 20 25 21 22 20 24 23 25 20 20 24 21 15 17 21 20 19 23 15 16 22 15 23 16 15 22 16 25 25 19 15 21 21 22 21 22 22 18 16 24 17 24 23 19 25 16 17 25 21 21 24 16 17 16 19 24 25 17 19 22 22 19 25 20 22 21 
17 16 19 22 15 24 17 20 25 20 20 24 17 17 21 17 15 25 23 16 23 16 22 17 15 15 19 16 25 16 16 15 23 21 18 19 23 23 19 18 25 16 16 17 17 21 25 18 21 25 23 20 22 20 20 22 16 15 16 23 18 15 17 18 22 15 25 25 22 16 24 21 25 19 19 22 25 24 22 20 21 20 24 19 17 17 18 18 19 16 16 25 24 20 23 25 18 16 25 20 
21 23 19 25 22 24 21 24 23 24 22 20 22 22 25 18 16 16 24 24 17 25 24 17 20 18 16 25 25 19 23 18 22 17 15 24 25 25 18 24 23 17 24 22 17 16 23 25 17 19 17 17 22 21 17 22 20 21 24 20 20 19 20 22 16 17 19 23 18 18 23 19 19 20 24 15 22 24 19 24 17 22 25 16 25 21 15 18 16 24 19 17 25 20 21 22 20 16 17 24 
25 21 18 21 20 20 21 18 19 25 22 16 22 17 17 21 15 25 15 24 24 23 25 22 20 20 20 23 23 23 21 16 19 15 18 22 23 23 24 20 20 20 23 23 19 23 23 20 21 16 20 18 24 18 23 21 25 25 20 24 17 23 17 25 22 21 18 24 16 24 19 17 16 15 16 16 21 16 16 23 19 15 15 16 19 25 21 25 15 22 24 25 15 18 21 15 18 25 15 15 
23 17 17 16 21 23 22 23 22 20 24 23 25 23 25 18 23 15 17 25 24 25 16 18 21 20 15 15 19 24 25 25 19 23 25 15 23 17 24 17 15 16 24 15 23 24 15 19 21 16 25 21 21 24 17 17 21 25 25 20 22 20 15 22 17 24 20 25 23 17 17 23 22 25 15 25 19 19 19 18 16 19 16 20 16 21 17 24 22 25 20 19 24 19 18 25 25 23 21 17 
19 17 24 19 17 21 17 24 19 22 20 23 22 15 22 19 25 25 18 25 25 19 24 20 25 21 21 22 22 20 15 24 18 15 17 22 16 20 17 20 25 21 21 17 20 16 25 15 19 17 21 16 24 25 17 15 18 22 25 22 22 25 16 23 23 15 23 23 17 24 24 18 16 19 25 22 25 20 17 17 18 20 23 24 24 17 15 23 16 21 25 23 25 21 22 24 19 18 20 19 
22 21 25 16 23 24 15 19 18 15 22 20 24 16 23 17 23 23 24 18 19 19 25 25 25 23 22 20 18 16 21 18 22 24 20 21 21 21 25 16 22 17 17 20 20 21 16 17 25 15 23 17 15 17 15 21 23 21 19 24 16 22 18 19 24 15 23 25 24 20 15 24 17 22 16 16 15 22 21 15 17 21 22 18 15 20 25 20 16 21 15 15 21 20 17 17 25 20 18 22 
22 21 21 16 22 15 22 19 15 21 17 21 22 17 18 24 25 21 25 18 16 22 21 17 24 16 20 24 23 18 22 25 22 21 18 19 16 18 22 17 15 22 18 25 20 24 19 16 18 21 17 23 24 18 18 17 23 17 21 18 18 18 21 23 24 19 21 23 23 17 18 18 15 23 17 25 20 16 23 18 18 16 21 15 25 21 20 17 22 21 20 22 19 19 20 15 20 21 23 23 
25 17 15 16 17 18 21 20 22 23 22 21 19 17 25 17 17 24 25 22 16 22 17 18 17 22 23 21 15 20 19 17 15 25 25 17 18 15 17 20 19 21 25 19 21 21 17 16 16 20 18 17 21 21 22 22 22 20 23 25 23 22 17 21 16 16 17 25 18 21 24 24 22 17 18 22 25 18 24 20 25 15 23 22 16 24 25 16 18 24 20 22 18 21 24 25 25 23 21 20 
24 19 21 17 18 22 18 17 17 18 21 24 19 18 15 16 21 20 19 16 17 20 15 21 25 25 25 25 23 19 17 18 18 19 23 25 19 22 16 20 16 18 15 23 23 15 18 21 15 20 25 24 23 25 21 21 16 18 18 18 23 24 22 20 17 18 22 18 25 15 15 25 25 18 25 16 17 15 15 24 23 19 20 22 18 22 23 21 16 21 25 23 17 18 25 16 15 23 19 22 
16 24 24 19 21 24 15 17 20 21 24 24 24 19 24 16 20 18 25 22 22 24 16 18 15 23 20 15 17 18 20 18 23 25 20 22 17 15 22 19 21 25 18 21 24 18 23 15 16 20 20 17 22 16 17 15 25 25 18 21 23 20 21 16 19 23 17 15 21 25 25 17 25 24 21 20 15 17 24 20 18 17 18 17 22 17 23 22 19 24 20 21 19 19 23 20 21 25 18 21 
21 19 21 19 20 15 25 16 16 15 19 25 25 24 17 22 15 25 18 16 23 15 24 17 21 22 17 17 20 19 19 25 24 15 20 20 21 22 15 20 15 15 18 20 16 23 18 21 21 18 22 19 24 23 22 22 15 16 24 19 25 16 15 16 24 24 23 22 22 17 23 17 25 18 22 15 19 15 19 24 15 20 23 20 20 22 23 17 15 19 24 20 24 25 20 24 23 23 22 24 
19 25 18 24 18 18 19 16 17 21 25 17 19 21 25 25 19 20 18 18 18 16 17 20 22 18 23 20 18 18 20 15 17 24 15 18 15 21 15 16 15 17 17 22 23 20 17 15 25 24 18 25 17 16 24 24 15 15 18 25 18 17 25 22 17 22 18 22 25 16 25 25 20 21 17 20 18 18 20 15 20 21 25 24 23 25 21 15 21 19 15 18 19 17 17 24 15 21 17 15 
21 17 24 25 16 16 20 21 25 24 23 16 20 21 21 21 21 19 25 22 21 20 22 19 23 17 17 25 19 24 23 22 24 24 20 15 20 18 23 20 15 16 19 16 25 18 18 16 24 24 17 23 16 20 23 20 23 17 21 17 18 19 16 18 23 25 19 23 17 17 21 21 20 16 24 24 22 22 21 22 17 18 18 18 15 19 21 20 23 23 18 23 15 15 24 24 17 20 18 25 
18 16 18 15 15 25 22 17 17 15 23 22 15 24 18 19 18 23 23 18 25 15 24 23 24 18 25 24 20 18 15 16 16 21 17 18 20 21 21 21 25 25 22 25 17 16 16 20 16 17 22 24 24 19 23 25 22 22 25 15 16 20 20 23 25 22 18 18 24 15 17 20 25 24 24 15 19 19 15 25 20 19 24 24 15 23 15 19 25 23 21 21 24 20 21 20 22 25 17 23 
18 23 15 25 23 15 15 16 19 24 16 23 18 25 22 15 17 24 21 25 17 20 16 23 21 24 16 23 22 22 21 16 22 15 24 22 17 15 24 15 15 18 22 17 17 25 17 21 21 16 25 24 23 16 21 18 25 25 23 22 22 18 18 25 19 16 21 20 18 22 25 22 17 25 23 19 16 20 17 19 19 22 20 20 16 25 18 17 16 24 16 23 25 18 20 24 18 17 18 23 
22 23 24 18 25 24 25 19 20 24 18 16 21 19 24 16 20 25 24 19 15 19 15 24 18 19 19 22 16 25 17 15 20 20 21 17 19 17 19 17 25 16 19 22 23 21 25 21 20 15 18 18 19 16 20 18 15 24 22 25 19 19 17 18 23 24 19 15 17 23 15 25 15 25 16 16 19 15 15 18 18 15 24 19 15 16 20 25 21 17 19 16 17 19 17 23 20 24 23 24 
20 21 20 18 21 17 24 15 18 21 22 24 16 22 17 23 23 20 18 18 15 21 19 24 15 25 22 15 24 20 19 24 16 23 19 24 17 22 24 23 16 19 20 17 24 21 25 21 17 16 23 19 21 18 16 20 20 17 25 22 15 23 23 24 21 16 15 21 17 23 22 21 18 18 23 17 17 20 15 15 23 24 21 16 19 25 22 17 23 15 24 20 17 24 15 23 21 21 22 17 
19 16 21 18 24 16 20 16 25 18 18 17 16 21 21 15 20 16 15 16 19 21 20 16 25 17 24 23 21 18 19 21 25 18 17 24 18 25 21 17 17 19 18 22 25 19 15 22 25 24 21 23 20 15 19 20 18 19 17 20 16 17 25 18 15 23 17 16 23 15 22 15 17 19 17 21 20 23 15 23 20 21 24 19 24 20 15 22 18 16 23 21 23 25 18 22 16 22 22 18 
24 24 19 24 19 20 25 18 22 18 15 16 18 16 23 17 19 24 25 23 22 20 24 24 21 16 17 16 24 25 25 23 18 18 22 17 16 20 15 23 15 18 21 18 20 19 19 17 19 25 24 23 21 21 16 21 25 23 16 24 21 15 15 23 21 17 18 15 24 16 16 22 20 19 25 23 19 17 17 15 16 25 20 21 25 16 22 16 15 19 21 19 24 20 24 23 19 18 24 20 
16 21 22 18 25 21 18 16 20 24 17 19 25 24 23 19 20 17 19 17 18 19 20 24 18 20 25 20 24 18 15 25 19 22 17 19 17 23 22 24 21 16 16 20 16 15 25 15 20 18 24 15 15 22 20 24 20 15 15 24 22 23 15 17 16 16 19 16 15 22 16 24 16 18 18 24 21 17 18 17 24 24 18 23 22 17 16 21 24 24 18 24 15 18 23 17 21 21 22 24 
22 24 19 18 21 22 20 16 21 20 15 19 25 18 21 21 17 25 19 19 19 15 17 19 20 25 24 17 16 20 15 17 24 17 23 17 24 21 21 25 19 18 22 18 18 17 17 19 16 16 16 15 22 19 19 16 19 17 25 19 23 20 16 17 17 25 22 25 16 21 19 15 17 20 22 23 16 24 21 18 22 21 19 17 22 22 22 25 23 23 16 20 15 25 20 22 19 24 25 19 
20 24 25 16 15 16 15 17 22 20 22 18 23 23 21 16 19 18 20 16 16 15 19 16 20 15 20 22 17 15 18 15 20 20 22 17 24 16 21 22 21 23 21 21 15 20 19 17 23 15 21 19 17 21 16 24 15 22 17 16 21 24 25 15 15 22 22 17 15 25 16 15 15 15 25 15 20 18 17 17 25 18 23 17 18 25 15 23 23 24 20 15 19 22 19 19 24 16 22 16 
21 17 19 23 16 19 25 23 24 25 22 25 19 18 17 24 15 22 24 20 25 16 16 21 21 24 25 15 16 17 17 24 20 20 24 24 24 18 18 16 16 18 25 20 25 15 23 21 15 17 25 19 21 19 21 24 22 16 15 17 17 19 22 15 22 15 20 17 23 15 18 21 19 19 19 17 19 24 15 19 19 24 17 24 23 24 16 21 21 23 23 16 23 18 22 16 24 17 23 20 
16 19 17 19 23 18 16 21 16 15 21 25 22 17 17 18 24 23 16 18 18 19 24 24 19 23 18 16 16 25 17 18 24 25 17 16 21 17 25 18 22 16 16 16 16 19 19 24 19 23 23 19 18 22 25 17 15 16 20 16 21 21 15 25 17 16 23 16 18 22 20 24 21 20 25 18 25 22 17 15 17 20 25 16 24 23 15 15 23 16 15 24 21 15 20 25 16 15 23 25 
19 20 22 17 25 16 19 23 15 24 20 21 24 16 20 22 16 25 22 23 24 24 15 18 15 25 17 22 19 15 25 16 23 21 25 16 22 20 17 20 15 23 19 16 22 21 16 18 22 19 16 16 16 23 21 21 19 15 24 18 15 22 23 25 23 19 24 25 20 19 20 24 23 25 16 18 22 19 24 17 21 22 19 15 15 19 25 25 25 23 20 16 25 21 23 24 25 19 24 22 
20 19 20 22 22 24 20 21 18 20 17 19 17 22 24 18 23 25 22 21 20 19 22 21 22 15 17 22 25 18 16 21 15 23 19 22 21 25 17 21 17 17 25 20 21 20 22 19 21 22 19 18 22 25 16 24 18 20 20 15 21 25 16 16 18 19 18 18 21 22 21 15 22 18 15 16 16 22 25 17 15 15 16 22 17 24 22 18 15 18 15 15 16 16 19 15 15 21 23 24 
23 20 18 18 22 24 17 21 17 25 16 25 22 18 17 22 20 17 19 21 18 25 24 19 19 21 23 16 18 20 19 25 24 18 18 25 18 15 24 17 25 21 20 15 15 16 23 22 21 15 21 19 19 22 24 21 18 21 15 15 16 23 24 25 22 24 18 23 17 25 18 24 20 25 25 15 21 17 20 22 24 22 18 19 25 22 24 21 22 19 20 15 18 15 24 15 18 24 24 24 
20 15 23 24 24 25 23 21 23 18 20 16 22 15 19 22 20 16 15 17 21 24 18 15 17 22 21 25 22 22 18 20 23 20 18 21 20 15 25 21 20 18 19 20 17 25 16 24 15 17 21 21 19 20 17 21 20 16 17 19 20 25 15 16 15 22 16 21 21 18 20 22 16 15 15 20 18 25 21 18 19 19 20 19 22 20 17 20 22 16 20 15 16 19 21 20 16 21 15 25 
22 19 21 15 15 24 15 22 16 20 17 20 18 20 20 21 17 25 24 20 15 24 17 22 25 16 18 18 16 19 21 21 18 16 15 17 15 24 19 17 19 22 21 23 18 15 23 21 20 21 17 24 18 18 24 15 16 24 25 16 17 24 17 19 20 21 18 25 20 25 23 24 15 21 17 21 16 16 22 24 19 20 21 19 19 20 20 15 21 20 17 20 20 22 20 15 18 19 19 22 
23 17 24 21 21 24 23 19 17 17 15 18 15 24 25 24 21 24 21 25 22 25 25 16 15 23 25 25 19 25 22 22 21 19 20 24 16 20 25 19 25 23 22 24 19 17 20 19 16 20 19 18 21 16 16 17 21 21 17 21 21 15 24 18 20 20 17 15 19 20 23 25 15 17 23 15 25 15 15 19 24 23 23 22 25 18 23 24 21 16 23 18 25 17 17 17 15 15 23 22 
20 23 24 16 24 16 23 21 21 22 25 18 25 23 24 24 22 22 17 21 22 18 16 21 25 23 20 23 18 23 18 20 22 23 25 21 22 18 22 15 23 25 18 24 18 25 16 17 21 17 20 24 15 18 22 16 16 20 23 18 17 20 19 24 23 17 18 24 21 17 21 25 25 23 20 25 23 23 22 17 25 15 18 17 23 22 19 24 19 16 25 17 24 17 21 15 23 22 17 23 
20 21 23 23 25 22 15 25 17 16 18 22 22 19 18 24 22 18 21 18 18 15 17 24 18 24 17 20 24 16 20 15 17 16 21 25 21 15 20 21 18 21 16 23 19 20 22 25 18 18 18 21 25 22 19 15 25 15 23 25 17 25 18 16 16 25 20 21 22 23 16 19 20 23 25 25 23 25 25 20 16 22 20 20 25 23 25 18 15 24 20 15 24 21 22 15 15 18 18 24 
25 17 18 18 18 25 25 22 21 15 17 15 23 16 22 21 25 17 16 25 22 25 21 20 18 20 22 15 16 23 23 16 20 24 23 24 15 16 19 17 25 23 25 22 25 20 21 20 15 19 22 17 17 22 16 21 19 23 22 21 15 23 25 15 25 18 15 25 18 25 22 22 24 24 23 21 21 18 18 22 21 24 17 19 24 21 25 24 22 24 17 24 15 25 18 20 20 25 24 25 
19 21 21 23 16 20 19 15 22 25 24 16 22 21 15 24 18 21 18 17 21 19 24 20 21 20 16 25 16 17 17 15 22 20 23 16 22 23 16 18 20 22 19 15 24 17 17 23 24 19 24 25 18 23 21 18 23 23 22 24 25 22 16 20 15 23 23 23 19 16 17 16 25 18 17 17 18 24 19 25 16 18 20 17 17 25 20 22 23 19 23 23 24 15 22 23 15 17 20 18 
19 17 17 21 22 18 18 23 22 23 19 17 20 15 16 21 20 24 19 19 16 17 21 25 17 16 22 24 18 21 17 17 19 20 24 18 17 22 16 20 24 21 16 16 20 21 18 21 20 20 25 21 25 18 18 16 25 20 15 24 25 16 15 24 23 22 17 23 22 20 15 24 18 21 25 25 15 20 22 23 18 15 25 23 25 23 25 19 25 21 24 25 24 16 18 23 22 16 15 24 
19 21 17 24 17 18 20 15 16 22 23 22 24 15 24 18 19 20 23 15 21 17 15 19 16 23 17 18 18 16 25 17 23 19 21 16 25 21 22 16 22 18 21 17 17 17 15 25 21 19 17 24 15 22 22 23 15 17 18 16 17 15 22 21 21 20 16 24 23 16 22 17 22 15 16 19 21 19 16 20 24 24 20 15 20 19 25 25 17 22 23 20 15 23 17 17 23 23 15 23 
15 25 17 16 25 20 17 15 25 19 21 20 23 15 15 25 16 18 23 24 17 20 19 20 18 21 15 25 18 21 15 17 20 18 22 16 18 19 18 20 18 20 18 16 25 21 19 18 21 19 22 24 16 20 16 19 24 21 24 16 25 23 24 16 21 16 25 20 23 17 24 15 16 22 20 20 18 22 19 19 25 20 17 25 15 20 23 20 21 21 23 17 25 15 24 19 25 18 24 23 
18 17 25 18 21 18 16 24 19 25 20 21 24 19 20 20 19 18 24 20 20 21 22 21 25 25 15 23 15 20 18 24 18 20 21 25 17 16 24 24 23 15 24 24 22 18 15 17 21 17 15 22 20 15 18 23 25 24 22 25 25 15 20 17 22 18 18 22 25 18 22 24 16 25 16 24 21 19 25 25 23 15 17 15 17 25 17 17 23 18 15 15 18 25 15 25 20 22 20 25 
19 20 17 25 22 19 17 15 19 24 18 24 24 21 16 23 20 22 24 24 17 23 24 15 21 20 17 17 22 17 24 21 18 19 23 16 21 24 25 15 17 15 16 16 18 19 20 17 18 20 16 23 18 24 17 25 24 20 15 23 21 23 20 20 16 15 25 16 24 24 24 15 22 19 22 17 20 15 24 20 16 20 17 25 23 19 15 24 24 25 21 17 16 24 20 22 15 17 20 22 
19 16 22 15 18 24 23 19 22 22 25 22 19 23 20 20 18 19 24 20 20 18 16 21 18 16 16 19 21 25 25 22 23 25 18 23 17 20 22 16 17 17 17 16 21 19 17 17 16 18 16 25 16 24 20 20 23 25 20 21 25 23 25 21 17 24 15 22 17 15 15 20 16 17 20 15 20 18 23 19 22 23 22 19 25 24 22 23 16 21 17 24 23 24 24 20 25 17 19 15 
25 18 23 16 20 20 25 16 21 20 21 20 18 15 17 16 16 16 18 24 16 25 16 20 24 21 22 22 18 15 18 23 16 24 23 24 23 23 15 19 23 19 21 15 25 20 15 23 21 25 24 19 22 19 23 24 24 24 23 17 25 25 24 19 17 18 23 17 15 25 15 19 17 22 17 16 21 16 22 17 17 21 19 25 23 24 16 24 15 15 17 23 15 22 16 21 16 18 21 23 
17 23 23 17 22 19 22 17 21 18 23 20 22 20 20 20 18 20 15 17 20 24 22 23 25 22 25 15 22 18 15 15 25 20 19 24 25 16 21 25 18 16 21 18 22 15 25 16 18 15 21 23 15 25 24 21 25 19 19 22 21 23 20 18 21 22 23 20 21 22 18 22 15 22 19 15 25 25 22 21 24 19 21 16 20 15 17 24 15 16 25 17 20 22 22 21 15 17 15 16 
16 20 24 21 22 25 25 20 25 21 20 18 22 20 25 20 22 23 15 23 23 22 22 18 20 16 22 20 23 22 23 22 20 20 20 16 23 21 16 16 18 25 23 25 23 17 24 21 23 23 15 24 19 22 20 23 17 17 15 25 15 16 25 15 20 15 15 18 24 18 16 21 25 23 19 22 16 22 22 18 20 19 17 17 15 16 25 21 18 21 15 16 20 15 17 16 20 17 15 17 
24 25 24 22 15 21 15 22 25 16 19 20 25 25 22 22 19 25 22 24 25 24 23 18 23 24 22 25 21 21 17 25 24 17 18 20 22 25 21 15 24 21 23 17 20 25 20 17 16 21 23 20 17 25 16 20 15 21 16 16 23 19 21 20 21 16 19 21 17 23 16 16 21 20 16 22 15 19 15 23 23 25 22 19 19 24 24 21 20 25 23 21 16 21 17 15 23 23 22 20 
24 18 20 15 25 20 17 22 24 20 21 21 24 20 19 22 24 22 18 24 18 20 17 23 16 15 17 16 18 18 16 22 23 23 20 24 20 22 25 23 21 15 15 24 17 21 19 23 21 20 19 25 22 20 17 20 20 19 23 21 16 21 18 18 17 19 21 23 21 15 19 19 20 20 15 21 17 21 16 23 18 21 16 18 15 24 16 23 24 19 16 16 20 22 21 21 20 19 15 16 
20 16 20 20 18 22 16 18 21 25 21 21 22 18 25 18 25 18 20 15 19 16 25 15 16 25 20 15 24 17 24 20 19 22 16 18 20 16 18 19 24 22 22 15 15 23 16 24 23 16 22 16 24 22 22 18 20 15 15 23 20 22 22 17 18 24 25 17 19 21 19 16 23 18 21 16 23 18 18 16 21 21 22 21 17 25 22 24 15 16 23 17 21 22 19 22 19 21 17 24 
22 25 17 16 20 19 22 20 19 19 20 15 17 21 24 15 19 20 15 20 20 25 16 23 25 16 17 20 18 21 20 18 23 19 21 16 22 19 25 17 17 19 23 18 19 19 22 22 22 24 19 16 24 16 23 20 25 22 15 25 23 15 16 16 24 21 16 17 25 20 20 17 20 23 25 25 15 23 15 19 17 22 23 23 25 19 23 24 25 16 23 24 15 18 22 19 24 24 22 21 
21 20 21 15 23 25 20 15 24 16 22 21 16 17 20 22 22 19 15 21 23 22 25 20 24 24 21 25 22 25 15 20 16 23 15 17 20 20 24 16 17 17 18 25 19 21 25 25 15 21 22 17 24 23 20 21 20 25 17 15 15 25 16 25 15 21 20 20 17 25 21 23 23 18 18 19 23 22 19 23 24 20 20 21 22 24 20 19 16 18 18 20 19 17 16 23 20 24 23 16 
20 23 17 25 25 15 20 16 22 21 16 18 20 23 16 17 22 23 15 17 17 19 17 18 18 24 24 25 18 24 18 21 21 17 20 23 24 20 21 18 18 23 19 16 17 22 24 23 20 22 22 22 25 19 18 24 16 25 15 20 23 23 25 20 19 22 18 24 17 24 15 24 24 17 17 17 23 24 20 15 25 22 22 18 21 15 22 23 25 19 15 19 23 17 21 19 25 17 16 23 
24 19 17 20 15 20 23 19 16 25 22 19 23 25 23 25 21 15 16 21 23 22 21 24 15 21 17 23 22 16 22 21 22 19 18 23 15 17 18 21 18 24 20 15 19 16 15 16 21 20 23 17 25 19 18 19 18 24 21 20 24 18 24 23 21 17 22 18 16 23 21 25 17 18 18 17 20 19 16 20 22 16 16 17 20 22 19 16 17 24 22 15 21 18 23 19 25 16 25 17 
18 25 19 21 21 25 21 16 16 21 25 18 19 24 24 18 18 18 22 17 19 15 15 18 18 21 20 24 24 25 21 24 24 22 24 17 15 22 19 21 17 18 16 22 20 25 20 23 18 15 24 19 22 21 25 19 24 23 25 16 23 17 16 22 16 19 19 20 20 22 25 17 16 21 18 23 16 21 20 22 25 19 23 18 20 22 18 23 15 16 20 17 18 15 19 25 15 23 23 24 
24 23 21 19 20 16 22 24 20 23 24 18 18 17 25 19 16 25 17 17 17 17 15 22 22 24 25 22 22 25 25 22 24 15 22 20 25 20 20 21 24 25 25 25 15 21 16 15 20 16 17 22 17 24 15 23 22 22 19 16 20 25 15 22 20 20 20 25 18 25 15 19 19 17 20 21 17 17 18 25 18 15 19 19 17 20 15 18 18 19 17 19 23 16 15 19 15 22 22 17 
20 21 23 20 21 24 16 25 18 19 22 25 15 17 17 21 20 23 23 18 19 19 15 20 21 23 18 25 19 15 25 21 22 23 16 17 23 16 22 22 22 15 25 17 21 20 24 20 24 20 17 19 23 22 15 21 16 23 15 19 24 15 24 23 17 18 17 20 19 21 16 20 23 25 17 21 22 25 19 21 22 19 25 17 19 20 15 15 24 24 24 25 24 15 18 18 23 21 22 16 
17 23 18 19 16 23 16 17 19 20 19 21 17 16 20 19 25 17 22 16 19 15 21 23 16 22 22 18 19 21 20 23 17 24 17 22 21 21 25 16 24 15 20 19 25 17 20 20 24 19 22 17 20 16 21 19 22 15 25 18 21 18 19 20 20 21 22 15 16 17 16 20 23 16 23 20 20 24 18 19 24 22 20 15 20 18 15 25 24 18 19 17 23 23 25 17 22 18 23 24 
16 16 21 22 23 21 18 17 18 24 19 25 24 19 23 23 18 16 16 23 21 23 25 15 23 18 24 22 20 21 24 21 19 24 18 15 23 18 17 20 24 21 15 19 16 25 22 18 22 21 17 24 16 19 25 19 18 15 18 15 16 16 20 20 17 23 16 24 21 23 19 22 23 15 15 16 18 19 25 18 15 17 18 21 16 21 16 23 19 16 24 19 24 15 15 21 21 16 15 17 
16 24 18 20 18 21 17 17 19 22 15 17 19 16 21 24 25 18 16 20 17 21 21 20 20 22 25 19 23 17 16 20 22 24 20 20 24 22 16 22 22 16 22 17 21 19 23 22 17 21 25 17 21 25 19 21 24 16 16 24 21 23 24 22 20 20 17 22 17 19 20 22 24 19 25 20 23 20 22 15 19 25 22 21 18 19 17 22 17 16 22 16 18 24 21 21 17 24 19 18 
23 21 15 20 16 22 24 22 18 22 18 19 15 21 23 23 17 25 15 25 20 24 25 24 22 16 18 22 20 20 18 18 16 20 19 19 18 21 22 25 17 21 21 22 21 15 19 22 15 15 25 18 19 25 22 20 24 25 25 24 17 17 19 25 18 23 25 17 21 21 23 22 23 22 18 21 16 20 24 21 16 17 23 15 15 18 24 25 20 20 22 19 15 24 16 18 24 20 23 18 
25 19 25 16 15 15 18 20 17 15 20 19 24 19 22 17 19 17 25 15 25 19 15 18 18 20 18 24 18 21 15 23 20 17 19 20 20 24 25 19 19 17 18 24 19 17 23 19 20 25 21 15 19 17 25 24 15 18 25 18 20 15 20 21 15 20 17 20 20 19 21 16 18 21 15 16 18 15 21 25 25 21 21 19 16 15 21 17 17 25 21 20 25 20 25 18 15 18 25 20 
25 25 18 23 22 17 25 22 25 15 18 23 17 23 23 22 20 23 22 15 22 17 21 25 18 23 21 18 25 20 24 24 25 23 19 16 23 19 19 17 25 23 22 16 20 24 21 25 15 20 20 18 22 16 15 22 17 22 24 22 17 18 24 18 20 21 22 17 21 17 19 25 19 19 18 19 19 16 18 25 18 15 15 20 16 19 21 20 15 15 18 18 23 25 21 19 22 21 22 18 
