15 15 4 4
20
3 4 5 6 
4 3 4 5 
5 4 3 4 
6 5 4 3 

221 256 271 7
15 48 58 8
100 134 145 8
69 97 110 7
89 122 134 9
164 197 211 8
192 217 231 10
42 72 87 5
135 173 183 9
208 236 250 5
174 209 220 10
175 211 221 6
92 126 141 6
144 178 190 10
14 49 59 6
69 104 114 7
176 215 228 8
82 114 124 10
121 151 166 9
159 185 196 9
232 265 278 5
169 201 214 8
148 181 191 7
113 140 153 7
62 96 108 9
115 150 161 9
194 231 242 10
240 272 285 8
78 116 131 7
232 271 281 8

6 0 20 0 0 0 0 0 0 0 55 0 0 0 0 
39 9 0 29 22 0 0 7 50 28 0 0 0 0 0 
59 0 0 0 40 0 0 0 0 0 0 0 0 0 0 
32 0 44 0 44 0 0 0 0 0 0 56 28 0 27 
0 8 0 47 51 0 14 22 0 0 0 0 0 60 0 
0 0 0 0 29 0 0 0 0 0 0 57 50 0 0 
0 0 0 0 23 0 0 60 0 0 10 0 34 0 0 
0 0 47 0 0 28 0 0 0 24 23 0 0 49 0 
0 0 9 0 0 0 0 0 52 0 0 13 0 0 0 
16 0 0 0 0 0 0 0 0 0 6 0 25 0 0 
41 0 0 0 0 0 54 0 0 14 0 31 0 0 0 
54 0 30 7 0 0 0 60 0 45 0 0 0 0 0 
6 54 41 27 0 0 39 12 0 55 23 0 0 0 0 
39 0 27 0 45 0 35 0 0 0 19 0 0 0 0 
49 0 59 0 0 0 12 0 28 0 0 23 0 59 10 

18 0 23 0 0 0 0 0 0 0 20 0 0 0 0 
25 15 0 17 25 0 0 24 16 21 0 0 0 0 0 
15 0 0 0 18 0 0 0 0 0 0 0 0 0 0 
23 0 25 0 16 0 0 0 0 0 0 20 25 0 24 
0 22 0 24 24 0 17 17 0 0 0 0 0 23 0 
0 0 0 0 16 0 0 0 0 0 0 24 22 0 0 
0 0 0 0 16 0 0 20 0 0 17 0 17 0 0 
0 0 19 0 0 16 0 0 0 21 20 0 0 22 0 
0 0 19 0 0 0 0 0 22 0 0 19 0 0 0 
17 0 0 0 0 0 0 0 0 0 24 0 22 0 0 
15 0 0 0 0 0 19 0 0 19 0 21 0 0 0 
16 0 20 25 0 0 0 16 0 24 0 0 0 0 0 
23 15 24 23 0 0 22 22 0 23 17 0 0 0 0 
15 0 16 0 24 0 17 0 0 0 17 0 0 0 0 
18 0 21 0 0 0 19 0 17 0 0 21 0 22 23 
