50 50 8 8
20
3 4 5 6 7 8 9 10 
4 3 4 5 6 7 8 9 
5 4 3 4 5 6 7 8 
6 5 4 3 4 5 6 7 
7 6 5 4 3 4 5 6 
8 7 6 5 4 3 4 5 
9 8 7 6 5 4 3 4 
10 9 8 7 6 5 4 3 

221 256 271 7
15 48 58 8
250 284 295 8
369 397 410 7
14 47 59 9
314 347 361 8
117 142 156 10
342 372 387 5
135 173 183 9
58 86 100 5
249 284 295 10
250 286 296 6
17 51 66 6
69 103 115 10
14 49 59 6
91 121 131 7
178 210 223 8
97 128 138 10
243 268 283 9
92 121 132 9
1 38 51 5
244 282 295 8
222 254 264 7
80 119 132 7
349 382 394 9
52 87 98 9
50 76 87 10
153 188 201 8
330 361 376 7
5 32 42 8
144 171 181 8
372 412 424 9
238 275 290 6
79 105 115 8
38 66 80 7
274 309 322 7
54 84 95 10
292 325 337 10
18 57 72 10
186 212 223 10
226 264 278 9
180 215 230 10
36 69 79 9
99 135 150 5
124 163 175 9
196 228 242 10
124 157 172 9
250 286 298 8
222 248 262 8
290 326 340 6
87 122 132 9
350 389 401 9
292 324 336 10
143 173 188 10
197 223 238 8
146 179 194 5
113 145 156 9
346 379 391 9
79 106 118 6
358 392 406 9
297 332 345 10
304 341 354 7
182 214 225 7
202 240 252 9
156 195 210 6
134 166 181 9
38 70 81 10
142 176 186 8
281 314 324 8
123 152 165 6
187 214 228 9
99 136 150 8
212 243 254 9
142 181 192 10
314 349 362 10
93 122 134 6
243 271 284 7
369 394 405 9
378 410 425 9
50 80 93 10
326 356 368 6
53 87 102 9
185 216 229 8
368 406 419 5
145 176 187 6
371 404 415 7
94 121 136 5
154 193 203 7
60 90 100 8
343 382 396 10
251 284 296 10
381 407 418 10
285 312 325 6
294 329 343 6
202 234 249 8
160 185 195 5
390 423 436 10
369 397 409 6
39 74 89 5
363 401 416 5

6 0 20 0 0 0 0 0 0 0 55 0 0 0 0 39 9 0 29 22 0 0 7 50 28 0 0 0 0 0 59 0 0 0 40 0 0 0 0 0 0 0 0 0 0 32 0 44 0 44 
0 0 0 0 0 0 56 28 0 27 0 8 0 47 51 0 14 22 0 0 0 0 0 60 0 0 0 0 0 29 0 0 0 0 0 0 57 50 0 0 0 0 0 0 23 0 0 60 0 0 
10 0 34 0 0 0 0 47 0 0 28 0 0 0 24 23 0 0 49 0 0 0 9 0 0 0 0 0 52 0 0 13 0 0 0 16 0 0 0 0 0 0 0 0 0 6 0 25 0 0 
41 0 0 0 0 0 54 0 0 14 0 31 0 0 0 54 0 30 7 0 0 0 60 0 45 0 0 0 0 0 6 54 41 27 0 0 39 12 0 55 23 0 0 0 0 39 0 27 0 45 
0 35 0 0 0 19 0 0 0 0 49 0 59 0 0 0 12 0 28 0 0 23 0 59 10 0 0 54 0 0 0 0 0 0 0 0 0 0 0 0 11 0 0 0 33 23 0 0 0 0 
0 14 0 0 0 0 0 36 0 0 0 0 0 25 0 0 0 0 0 20 41 0 0 0 22 0 33 13 0 0 0 0 0 46 0 0 36 0 0 0 0 0 0 0 0 0 31 20 0 0 
0 0 52 0 0 0 47 0 30 16 0 0 0 59 0 0 0 0 0 0 0 0 0 0 43 0 58 0 0 0 0 0 0 0 0 0 0 0 49 0 48 0 0 0 8 0 43 0 53 0 
0 0 0 0 53 54 0 0 49 9 57 0 0 0 0 0 0 0 0 0 0 0 47 0 0 22 6 0 26 0 0 0 0 43 0 31 0 54 21 0 0 0 0 0 0 0 31 0 25 25 
0 0 28 46 0 0 46 34 0 56 53 37 0 15 38 45 0 0 0 0 0 0 0 0 0 0 45 14 0 0 0 45 0 23 0 0 0 0 47 0 0 0 0 10 57 0 54 0 25 0 
0 24 0 0 0 0 0 0 44 0 0 0 47 0 0 0 38 0 0 30 50 32 0 0 58 0 0 0 48 26 31 0 0 35 0 0 49 0 20 0 0 0 7 0 46 0 6 0 0 0 
35 38 57 23 16 0 0 0 17 0 0 0 0 0 0 0 17 0 0 0 0 0 0 0 14 0 0 48 0 31 31 0 0 45 7 10 0 0 0 0 0 0 0 0 0 60 0 0 0 0 
60 0 0 0 0 0 31 12 55 0 0 0 0 0 0 0 0 0 0 0 0 0 0 0 0 22 6 43 0 0 0 0 38 0 53 0 0 0 0 9 19 54 21 0 0 0 25 0 54 0 
0 10 0 0 0 0 55 0 45 0 0 0 0 0 0 0 0 0 59 0 6 24 0 0 30 0 0 27 0 0 0 0 0 0 0 0 0 0 26 0 0 0 0 11 59 0 0 35 52 0 
0 0 0 0 0 0 0 0 0 41 0 0 0 0 0 0 0 0 20 37 0 45 0 0 0 39 0 0 0 57 0 0 0 0 13 0 0 0 0 0 0 45 0 19 17 0 0 51 0 0 
36 0 0 58 0 0 0 0 32 0 0 18 0 0 21 37 49 0 0 0 0 0 43 0 37 56 0 53 44 0 52 12 59 0 0 0 0 0 43 0 0 0 0 0 0 0 37 0 52 0 
0 0 57 0 0 0 0 0 13 0 0 0 0 0 0 0 0 0 0 25 0 0 0 31 41 0 0 23 51 0 0 0 22 8 6 0 49 0 0 42 0 0 0 9 7 0 0 0 7 0 
35 0 0 0 0 10 0 0 0 0 0 48 0 0 23 0 0 0 0 0 0 0 0 19 0 44 0 0 41 0 0 0 0 0 0 0 0 0 0 58 0 0 0 0 0 0 0 0 0 54 
29 12 0 0 0 25 0 28 0 0 0 22 0 47 0 40 20 0 0 0 0 0 0 58 0 27 0 0 0 0 42 0 0 29 0 0 0 0 0 0 0 0 0 0 0 18 0 0 0 30 
0 0 38 0 0 44 50 22 24 0 47 0 0 0 0 0 0 6 0 0 0 0 18 42 0 21 0 50 0 17 0 0 13 49 27 0 0 0 52 0 0 0 0 0 0 40 0 49 0 0 
0 18 0 0 0 0 9 0 0 10 0 39 0 0 0 21 0 0 0 0 0 0 0 0 41 0 30 0 0 20 21 56 0 16 0 0 0 0 0 0 55 0 0 20 19 59 6 0 0 0 
0 20 0 57 0 11 38 54 28 0 0 0 0 0 46 48 43 0 0 49 0 0 0 0 0 0 0 0 0 0 27 0 13 23 0 0 0 56 0 0 0 0 31 0 0 0 0 0 12 0 
0 50 37 0 44 0 0 41 0 0 39 7 0 58 0 0 0 0 0 0 0 0 20 0 0 0 32 0 0 21 0 0 11 0 16 0 0 0 16 0 0 0 0 34 0 26 59 20 0 0 
0 0 0 0 0 0 23 0 35 16 0 0 0 0 0 45 0 23 0 0 0 0 14 0 0 0 23 0 0 0 0 8 0 0 0 0 15 13 0 0 0 0 0 0 42 0 0 0 0 0 
0 0 0 20 0 8 0 0 0 0 0 30 0 0 0 34 0 0 0 0 0 39 52 0 0 54 0 0 0 59 39 0 0 0 41 0 51 0 10 58 11 18 0 0 40 10 0 58 0 0 
0 0 0 53 0 0 0 0 0 0 0 0 0 0 0 43 0 0 13 0 0 21 32 45 0 0 50 21 27 0 0 0 0 52 0 0 0 7 0 16 60 11 0 0 0 20 51 26 0 25 
55 0 0 0 19 0 39 8 19 0 57 0 0 0 0 0 0 0 42 15 0 0 0 57 0 0 0 0 0 0 29 0 0 0 0 29 14 50 0 0 0 54 0 0 0 0 0 26 0 51 
0 0 0 0 0 0 0 40 35 7 0 0 0 0 0 7 0 18 0 0 0 43 0 32 0 0 0 0 0 0 0 0 0 0 59 0 0 42 0 57 0 27 41 45 0 0 0 19 0 0 
0 0 17 52 25 0 25 22 20 0 0 0 26 15 33 52 0 39 0 55 0 0 0 46 56 0 0 0 0 26 0 0 0 0 0 0 54 0 22 18 47 41 0 0 44 0 0 0 60 12 
0 0 0 0 0 46 0 0 0 0 12 53 0 0 12 8 33 54 0 0 0 0 57 0 0 0 11 0 0 0 0 0 0 0 0 59 0 0 0 0 53 0 15 0 27 54 51 6 0 0 
47 0 48 0 39 0 0 0 0 0 0 0 0 0 0 21 49 0 14 0 0 0 0 21 0 0 0 0 43 22 0 32 0 0 0 0 30 0 0 0 0 0 0 0 0 0 0 0 0 0 
0 0 0 39 32 24 26 0 0 0 0 55 0 27 20 0 0 0 44 47 0 25 57 0 0 16 0 0 0 0 33 0 0 0 0 0 0 0 0 0 0 46 40 0 0 0 0 0 27 0 
26 0 0 19 0 14 0 45 28 52 51 0 21 0 0 0 0 0 15 0 0 0 9 0 40 46 0 0 0 0 50 49 21 0 0 0 0 50 0 0 41 0 43 49 0 0 0 0 27 0 
33 17 0 0 0 60 42 0 0 0 0 0 50 0 0 9 0 0 45 46 59 12 53 45 0 0 0 23 0 0 0 0 0 26 41 10 0 42 0 0 0 0 0 0 0 0 0 0 32 0 
0 0 0 0 0 0 0 26 0 57 0 0 0 58 27 0 39 0 14 0 46 0 0 0 22 0 0 0 0 0 7 0 0 0 54 0 54 0 29 22 35 0 0 0 34 12 0 53 0 11 
30 0 0 50 0 0 37 51 0 0 12 0 0 0 0 41 0 0 45 0 0 0 0 0 0 0 0 0 0 26 0 47 59 0 0 0 0 0 0 0 0 0 0 0 0 0 0 32 47 30 
11 41 36 0 0 0 32 0 0 0 10 0 0 42 0 14 0 0 0 53 48 0 0 15 35 0 0 0 9 0 0 7 0 0 0 0 0 34 17 0 0 0 0 0 0 0 0 0 53 0 
51 26 21 17 0 0 0 0 0 0 0 59 0 0 0 0 0 0 0 0 0 0 0 56 0 0 15 0 0 48 0 47 19 0 0 28 31 0 18 0 31 0 0 0 0 25 0 0 0 0 
52 0 38 0 25 23 0 0 0 12 0 0 0 40 0 0 33 0 0 0 0 0 0 52 0 0 0 0 0 40 23 0 0 60 0 0 0 23 0 0 27 0 50 0 57 0 0 0 0 0 
0 42 49 39 0 0 0 12 0 0 0 0 0 0 0 14 0 0 16 0 0 0 50 0 0 31 0 50 21 0 0 0 0 0 0 0 0 0 0 45 0 9 0 0 0 0 0 9 0 0 
0 0 0 0 0 0 0 0 33 42 0 47 0 34 0 0 27 0 7 31 0 0 0 0 0 43 0 0 0 0 0 0 0 0 17 8 0 0 0 25 0 0 0 0 0 47 54 57 0 0 
44 0 47 0 0 29 48 0 0 0 0 50 0 0 0 0 52 0 0 0 0 0 53 0 0 44 13 0 0 0 0 0 0 0 0 22 0 0 0 0 0 14 46 44 0 0 45 22 0 0 
35 0 0 0 0 0 0 0 0 0 0 0 0 0 0 0 0 0 0 0 25 60 18 18 0 60 0 0 18 0 0 0 23 41 0 0 0 45 0 0 0 50 0 53 0 0 0 0 0 0 
35 46 0 0 0 0 0 0 0 0 0 0 0 0 0 59 0 6 0 0 0 16 23 23 0 0 0 51 0 0 0 0 0 0 0 20 0 0 0 0 0 0 0 0 54 0 0 0 0 39 
0 28 0 12 0 0 0 0 0 0 0 0 28 0 0 0 0 0 53 50 25 0 39 15 0 0 0 30 0 39 0 28 0 0 49 0 33 0 13 0 0 0 13 0 0 0 0 0 59 32 
0 58 0 0 9 0 0 0 0 0 0 0 0 0 7 32 44 0 0 0 0 0 9 0 12 0 0 0 0 0 0 0 53 0 0 8 58 0 18 0 0 0 0 0 0 0 25 0 0 0 
29 40 0 0 0 33 9 0 0 0 0 0 0 0 0 0 6 40 43 0 0 42 0 0 0 0 0 0 27 0 0 0 27 0 16 58 0 0 0 0 0 54 0 0 0 0 0 0 34 21 
0 0 0 0 0 41 0 0 0 23 0 51 0 0 0 38 0 8 0 0 38 0 0 0 0 0 0 0 0 19 0 0 0 0 0 0 0 0 31 0 0 0 0 0 0 0 0 0 0 0 
60 0 0 0 0 0 14 0 28 0 25 41 0 0 0 0 0 0 0 0 0 48 0 0 0 16 28 0 0 51 23 0 0 0 37 0 28 12 0 11 55 0 0 0 0 53 0 0 0 0 
0 0 0 0 43 0 11 0 0 0 0 0 0 35 0 0 0 0 31 18 17 0 0 0 0 0 0 0 0 0 11 0 0 0 0 9 9 0 40 0 0 0 58 0 0 0 0 0 0 6 
54 0 0 17 54 0 0 0 0 0 0 0 0 0 0 0 0 0 0 0 0 0 58 0 38 0 0 30 14 35 0 0 0 0 0 15 41 55 0 16 0 6 0 0 17 0 0 0 0 0 

18 0 23 0 0 0 0 0 0 0 20 0 0 0 0 25 15 0 17 25 0 0 24 16 21 0 0 0 0 0 15 0 0 0 18 0 0 0 0 0 0 0 0 0 0 23 0 25 0 16 
0 0 0 0 0 0 20 25 0 24 0 22 0 24 24 0 17 17 0 0 0 0 0 23 0 0 0 0 0 16 0 0 0 0 0 0 24 22 0 0 0 0 0 0 16 0 0 20 0 0 
17 0 17 0 0 0 0 19 0 0 16 0 0 0 21 20 0 0 22 0 0 0 19 0 0 0 0 0 22 0 0 19 0 0 0 17 0 0 0 0 0 0 0 0 0 24 0 22 0 0 
15 0 0 0 0 0 19 0 0 19 0 21 0 0 0 16 0 20 25 0 0 0 16 0 24 0 0 0 0 0 23 15 24 23 0 0 22 22 0 23 17 0 0 0 0 15 0 16 0 24 
0 17 0 0 0 17 0 0 0 0 18 0 21 0 0 0 19 0 17 0 0 21 0 22 23 0 0 24 0 0 0 0 0 0 0 0 0 0 0 0 18 0 0 0 17 17 0 0 0 0 
0 23 0 0 0 0 0 24 0 0 0 0 0 16 0 0 0 0 0 19 20 0 0 0 23 0 25 25 0 0 0 0 0 24 0 0 23 0 0 0 0 0 0 0 0 0 20 18 0 0 
0 0 18 0 0 0 19 0 20 15 0 0 0 19 0 0 0 0 0 0 0 0 0 0 18 0 22 0 0 0 0 0 0 0 0 0 0 0 15 0 20 0 0 0 25 0 25 0 19 0 
0 0 0 0 25 15 0 0 15 25 21 0 0 0 0 0 0 0 0 0 0 0 20 0 0 22 19 0 16 0 0 0 0 19 0 25 0 22 17 0 0 0 0 0 0 0 24 0 24 17 
0 0 21 17 0 0 15 15 0 25 18 17 0 17 22 18 0 0 0 0 0 0 0 0 0 0 22 19 0 0 0 24 0 24 0 0 0 0 21 0 0 0 0 22 23 0 15 0 16 0 
0 23 0 0 0 0 0 0 15 0 0 0 18 0 0 0 15 0 0 22 18 25 0 0 22 0 0 0 25 22 22 0 0 20 0 0 21 0 15 0 0 0 24 0 24 0 19 0 0 0 
25 15 23 16 24 0 0 0 15 0 0 0 0 0 0 0 17 0 0 0 0 0 0 0 15 0 0 17 0 16 23 0 0 23 21 23 0 0 0 0 0 0 0 0 0 15 0 0 0 0 
21 0 0 0 0 0 19 25 25 0 0 0 0 0 0 0 0 0 0 0 0 0 0 0 0 15 17 25 0 0 0 0 17 0 18 0 0 0 0 15 15 25 23 0 0 0 15 0 24 0 
0 22 0 0 0 0 19 0 24 0 0 0 0 0 0 0 0 0 18 0 22 16 0 0 17 0 0 18 0 0 0 0 0 0 0 0 0 0 19 0 0 0 0 23 17 0 0 24 22 0 
0 0 0 0 0 0 0 0 0 18 0 0 0 0 0 0 0 0 21 18 0 22 0 0 0 16 0 0 0 20 0 0 0 0 21 0 0 0 0 0 0 24 0 22 23 0 0 20 0 0 
24 0 0 25 0 0 0 0 16 0 0 23 0 0 19 21 17 0 0 0 0 0 25 0 17 20 0 17 20 0 25 19 19 0 0 0 0 0 19 0 0 0 0 0 0 0 17 0 25 0 
0 0 17 0 0 0 0 0 19 0 0 0 0 0 0 0 0 0 0 22 0 0 0 20 25 0 0 25 22 0 0 0 15 21 23 0 20 0 0 25 0 0 0 24 18 0 0 0 25 0 
20 0 0 0 0 17 0 0 0 0 0 21 0 0 25 0 0 0 0 0 0 0 0 15 0 24 0 0 19 0 0 0 0 0 0 0 0 0 0 22 0 0 0 0 0 0 0 0 0 24 
20 17 0 0 0 22 0 24 0 0 0 21 0 23 0 22 24 0 0 0 0 0 0 16 0 25 0 0 0 0 20 0 0 22 0 0 0 0 0 0 0 0 0 0 0 19 0 0 0 24 
0 0 18 0 0 22 18 20 17 0 19 0 0 0 0 0 0 23 0 0 0 0 20 19 0 25 0 22 0 22 0 0 18 16 17 0 0 0 17 0 0 0 0 0 0 22 0 23 0 0 
0 21 0 0 0 0 18 0 0 15 0 25 0 0 0 23 0 0 0 0 0 0 0 0 17 0 18 0 0 23 22 19 0 24 0 0 0 0 0 0 23 0 0 20 17 20 20 0 0 0 
0 15 0 17 0 18 19 18 19 0 0 0 0 0 19 23 17 0 0 24 0 0 0 0 0 0 0 0 0 0 25 0 25 20 0 0 0 24 0 0 0 0 19 0 0 0 0 0 18 0 
0 17 25 0 20 0 0 20 0 0 16 20 0 18 0 0 0 0 0 0 0 0 16 0 0 0 23 0 0 15 0 0 20 0 16 0 0 0 18 0 0 0 0 25 0 22 21 17 0 0 
0 0 0 0 0 0 20 0 24 21 0 0 0 0 0 22 0 22 0 0 0 0 18 0 0 0 20 0 0 0 0 24 0 0 0 0 19 23 0 0 0 0 0 0 25 0 0 0 0 0 
0 0 0 18 0 18 0 0 0 0 0 23 0 0 0 15 0 0 0 0 0 19 18 0 0 16 0 0 0 23 18 0 0 0 17 0 22 0 18 19 25 20 0 0 23 18 0 21 0 0 
0 0 0 16 0 0 0 0 0 0 0 0 0 0 0 24 0 0 16 0 0 16 22 23 0 0 19 20 22 0 0 0 0 19 0 0 0 17 0 19 16 25 0 0 0 24 15 15 0 20 
25 0 0 0 19 0 15 20 23 0 24 0 0 0 0 0 0 0 19 17 0 0 0 18 0 0 0 0 0 0 22 0 0 0 0 22 17 19 0 0 0 23 0 0 0 0 0 22 0 19 
0 0 0 0 0 0 0 21 20 23 0 0 0 0 0 19 0 21 0 0 0 17 0 15 0 0 0 0 0 0 0 0 0 0 24 0 0 21 0 15 0 20 24 22 0 0 0 23 0 0 
0 0 19 15 24 0 19 21 24 0 0 0 20 24 24 15 0 20 0 20 0 0 0 22 24 0 0 0 0 23 0 0 0 0 0 0 20 0 23 25 20 16 0 0 23 0 0 0 22 20 
0 0 0 0 0 24 0 0 0 0 21 23 0 0 18 24 20 23 0 0 0 0 25 0 0 0 19 0 0 0 0 0 0 0 0 18 0 0 0 0 24 0 19 0 19 16 16 24 0 0 
25 0 19 0 17 0 0 0 0 0 0 0 0 0 0 18 18 0 17 0 0 0 0 25 0 0 0 0 19 15 0 15 0 0 0 0 18 0 0 0 0 0 0 0 0 0 0 0 0 0 
0 0 0 19 21 19 25 0 0 0 0 17 0 21 18 0 0 0 21 19 0 18 23 0 0 24 0 0 0 0 24 0 0 0 0 0 0 0 0 0 0 24 23 0 0 0 0 0 20 0 
23 0 0 21 0 18 0 23 22 16 21 0 23 0 0 0 0 0 22 0 0 0 15 0 18 25 0 0 0 0 21 17 24 0 0 0 0 24 0 0 18 0 23 18 0 0 0 0 16 0 
19 18 0 0 0 22 25 0 0 0 0 0 25 0 0 22 0 0 18 17 21 22 25 18 0 0 0 24 0 0 0 0 0 23 17 18 0 19 0 0 0 0 0 0 0 0 0 0 24 0 
0 0 0 0 0 0 0 16 0 19 0 0 0 25 16 0 17 0 24 0 16 0 0 0 21 0 0 0 0 0 18 0 0 0 21 0 24 0 21 17 22 0 0 0 20 16 0 23 0 23 
23 0 0 25 0 0 18 23 0 0 19 0 0 0 0 16 0 0 19 0 0 0 0 0 0 0 0 0 0 18 0 20 25 0 0 0 0 0 0 0 0 0 0 0 0 0 0 23 21 21 
24 23 15 0 0 0 21 0 0 0 25 0 0 18 0 22 0 0 0 21 22 0 0 23 21 0 0 0 25 0 0 23 0 0 0 0 0 24 25 0 0 0 0 0 0 0 0 0 19 0 
20 16 17 18 0 0 0 0 0 0 0 22 0 0 0 0 0 0 0 0 0 0 0 22 0 0 22 0 0 25 0 15 20 0 0 24 24 0 22 0 16 0 0 0 0 24 0 0 0 0 
25 0 25 0 20 22 0 0 0 15 0 0 0 15 0 0 23 0 0 0 0 0 0 19 0 0 0 0 0 22 20 0 0 15 0 0 0 21 0 0 21 0 25 0 15 0 0 0 0 0 
0 20 22 21 0 0 0 17 0 0 0 0 0 0 0 25 0 0 20 0 0 0 15 0 0 16 0 20 18 0 0 0 0 0 0 0 0 0 0 19 0 25 0 0 0 0 0 16 0 0 
0 0 0 0 0 0 0 0 15 15 0 25 0 25 0 0 25 0 21 22 0 0 0 0 0 23 0 0 0 0 0 0 0 0 21 16 0 0 0 15 0 0 0 0 0 16 16 17 0 0 
15 0 20 0 0 17 22 0 0 0 0 23 0 0 0 0 25 0 0 0 0 0 21 0 0 23 23 0 0 0 0 0 0 0 0 16 0 0 0 0 0 22 15 15 0 0 22 23 0 0 
20 0 0 0 0 0 0 0 0 0 0 0 0 0 0 0 0 0 0 0 19 23 23 19 0 25 0 0 21 0 0 0 25 25 0 0 0 17 0 0 0 25 0 15 0 0 0 0 0 0 
23 24 0 0 0 0 0 0 0 0 0 0 0 0 0 24 0 17 0 0 0 24 16 25 0 0 0 21 0 0 0 0 0 0 0 20 0 0 0 0 0 0 0 0 18 0 0 0 0 15 
0 20 0 15 0 0 0 0 0 0 0 0 18 0 0 0 0 0 25 17 16 0 18 16 0 0 0 19 0 21 0 20 0 0 21 0 18 0 21 0 0 0 25 0 0 0 0 0 20 25 
0 19 0 0 25 0 0 0 0 0 0 0 0 0 18 25 17 0 0 0 0 0 21 0 16 0 0 0 0 0 0 0 22 0 0 22 25 0 24 0 0 0 0 0 0 0 19 0 0 0 
22 22 0 0 0 22 20 0 0 0 0 0 0 0 0 0 16 15 21 0 0 21 0 0 0 0 0 0 19 0 0 0 15 0 22 21 0 0 0 0 0 24 0 0 0 0 0 0 17 25 
0 0 0 0 0 21 0 0 0 21 0 15 0 0 0 15 0 22 0 0 23 0 0 0 0 0 0 0 0 17 0 0 0 0 0 0 0 0 15 0 0 0 0 0 0 0 0 0 0 0 
17 0 0 0 0 0 17 0 19 0 15 22 0 0 0 0 0 0 0 0 0 24 0 0 0 18 18 0 0 24 23 0 0 0 25 0 16 19 0 19 21 0 0 0 0 16 0 0 0 0 
0 0 0 0 22 0 19 0 0 0 0 0 0 24 0 0 0 0 25 24 24 0 0 0 0 0 0 0 0 0 19 0 0 0 0 18 25 0 22 0 0 0 17 0 0 0 0 0 0 21 
19 0 0 15 15 0 0 0 0 0 0 0 0 0 0 0 0 0 0 0 0 0 17 0 24 0 0 15 25 23 0 0 0 0 0 16 21 24 0 16 0 24 0 0 21 0 0 0 0 0 
