10 10 4 4
20
3 4 5 6 
4 3 4 5 
5 4 3 4 
6 5 4 3 

146 181 196 7
90 123 133 8
25 59 70 8
69 97 110 7
14 47 59 9
14 47 61 8
42 67 81 10
42 72 87 5
60 98 108 9
133 161 175 5
96 131 142 10
122 161 171 6
84 116 131 6
34 64 76 10
53 79 89 6
26 59 69 7
18 50 63 8
23 56 66 10
47 74 89 9
101 135 146 9

6 0 20 0 0 0 0 0 0 0 
55 0 0 0 0 39 9 0 29 22 
0 0 7 50 28 0 0 0 0 0 
59 0 0 0 40 0 0 0 0 0 
0 0 0 0 0 32 0 44 0 44 
0 0 0 0 0 0 56 28 0 27 
0 8 0 47 51 0 14 22 0 0 
0 0 0 60 0 0 0 0 0 29 
0 0 0 0 0 0 57 50 0 0 
0 0 0 0 23 0 0 60 0 0 

18 0 23 0 0 0 0 0 0 0 
20 0 0 0 0 25 15 0 17 25 
0 0 24 16 21 0 0 0 0 0 
15 0 0 0 18 0 0 0 0 0 
0 0 0 0 0 23 0 25 0 16 
0 0 0 0 0 0 20 25 0 24 
0 22 0 24 24 0 17 17 0 0 
0 0 0 23 0 0 0 0 0 16 
0 0 0 0 0 0 24 22 0 0 
0 0 0 0 16 0 0 20 0 0 
