60 60 8 8
20
3 4 5 6 7 8 9 10 
4 3 4 5 6 7 8 9 
5 4 3 4 5 6 7 8 
6 5 4 3 4 5 6 7 
7 6 5 4 3 4 5 6 
8 7 6 5 4 3 4 5 
9 8 7 6 5 4 3 4 
10 9 8 7 6 5 4 3 

446 481 496 7
240 273 283 8
325 359 370 8
69 97 110 7
314 347 359 9
164 197 211 8
192 217 231 10
42 72 87 5
360 398 408 9
433 461 475 5
399 434 445 10
400 436 446 6
317 351 366 6
144 178 190 10
14 49 59 6
91 121 131 7
103 135 148 8
322 353 363 10
93 118 133 9
17 46 57 9
151 188 201 5
394 432 445 8
297 329 339 7
305 344 357 7
124 157 169 9
127 162 173 9
125 151 162 10
153 188 201 8
180 211 226 7
5 32 42 8
69 96 106 8
147 187 199 9
88 125 140 6
304 330 340 8
188 216 230 7
124 159 172 7
54 84 95 10
367 400 412 10
93 132 147 10
111 137 148 10
376 414 428 9
330 365 380 10
186 219 229 9
24 60 75 5
424 463 475 9
196 228 242 10
199 232 247 9
250 286 298 8
372 398 412 8
365 401 415 6
265 305 315 9
166 191 203 9
239 269 281 10
421 450 465 10
172 211 226 8
224 250 265 5
312 342 353 9
45 85 97 9
238 277 289 6
409 438 452 9
293 328 341 10
177 216 229 7
416 448 459 7
201 231 243 9
323 349 364 6
358 391 406 9
91 123 134 10
464 497 507 8
225 252 262 8
241 275 288 6
268 303 317 9
249 286 300 8
353 385 396 9
245 283 294 10
434 473 486 10
64 96 108 6
80 112 125 7
321 355 366 9
440 473 488 9
332 361 374 10
178 205 217 6
83 120 135 9
358 389 402 8
177 216 229 5
434 469 480 6
123 152 163 7
374 402 417 5
159 184 194 7
185 217 227 8
28 58 72 10
380 410 422 10
140 174 185 10
126 157 170 6
230 268 282 6
361 392 407 8
308 341 351 5
52 79 92 10
275 314 326 6
228 258 273 5
83 122 137 5
79 112 122 8
440 466 479 9
26 53 67 5
448 483 494 8
228 260 272 8
153 178 191 10
82 115 129 6
273 301 311 5
465 500 510 5
379 417 432 10
167 193 205 10
298 323 334 7
268 307 319 9
321 359 369 5
67 104 118 6
440 468 479 8
44 71 86 7
221 249 261 6
402 442 453 5
246 273 283 6

6 0 20 0 0 0 0 0 0 0 55 0 0 0 0 39 9 0 29 22 0 0 7 50 28 0 0 0 0 0 59 0 0 0 40 0 0 0 0 0 0 0 0 0 0 32 0 44 0 44 0 0 0 0 0 0 56 28 0 27 
0 8 0 47 51 0 14 22 0 0 0 0 0 60 0 0 0 0 0 29 0 0 0 0 0 0 57 50 0 0 0 0 0 0 23 0 0 60 0 0 10 0 34 0 0 0 0 47 0 0 28 0 0 0 24 23 0 0 49 0 
0 0 9 0 0 0 0 0 52 0 0 13 0 0 0 16 0 0 0 0 0 0 0 0 0 6 0 25 0 0 41 0 0 0 0 0 54 0 0 14 0 31 0 0 0 54 0 30 7 0 0 0 60 0 45 0 0 0 0 0 
6 54 41 27 0 0 39 12 0 55 23 0 0 0 0 39 0 27 0 45 0 35 0 0 0 19 0 0 0 0 49 0 59 0 0 0 12 0 28 0 0 23 0 59 10 0 0 54 0 0 0 0 0 0 0 0 0 0 0 0 
11 0 0 0 33 23 0 0 0 0 0 14 0 0 0 0 0 36 0 0 0 0 0 25 0 0 0 0 0 20 41 0 0 0 22 0 33 13 0 0 0 0 0 46 0 0 36 0 0 0 0 0 0 0 0 0 31 20 0 0 
0 0 52 0 0 0 47 0 30 16 0 0 0 59 0 0 0 0 0 0 0 0 0 0 43 0 58 0 0 0 0 0 0 0 0 0 0 0 49 0 48 0 0 0 8 0 43 0 53 0 0 0 0 0 53 54 0 0 49 9 
57 0 0 0 0 0 0 0 0 0 0 0 47 0 0 22 6 0 26 0 0 0 0 43 0 31 0 54 21 0 0 0 0 0 0 0 31 0 25 25 0 0 28 46 0 0 46 34 0 56 53 37 0 15 38 45 0 0 0 0 
0 0 0 0 0 0 45 14 0 0 0 45 0 23 0 0 0 0 47 0 0 0 0 10 57 0 54 0 25 0 0 24 0 0 0 0 0 0 44 0 0 0 47 0 0 0 38 0 0 30 50 32 0 0 58 0 0 0 48 26 
31 0 0 35 0 0 49 0 20 0 0 0 7 0 46 0 6 0 0 0 35 38 57 23 16 0 0 0 17 0 0 0 0 0 0 0 17 0 0 0 0 0 0 0 14 0 0 48 0 31 31 0 0 45 7 10 0 0 0 0 
0 0 0 0 0 60 0 0 0 0 60 0 0 0 0 0 31 12 55 0 0 0 0 0 0 0 0 0 0 0 0 0 0 0 0 22 6 43 0 0 0 0 38 0 53 0 0 0 0 9 19 54 21 0 0 0 25 0 54 0 
0 10 0 0 0 0 55 0 45 0 0 0 0 0 0 0 0 0 59 0 6 24 0 0 30 0 0 27 0 0 0 0 0 0 0 0 0 0 26 0 0 0 0 11 59 0 0 35 52 0 0 0 0 0 0 0 0 0 0 41 
0 0 0 0 0 0 0 0 20 37 0 45 0 0 0 39 0 0 0 57 0 0 0 0 13 0 0 0 0 0 0 45 0 19 17 0 0 51 0 0 36 0 0 58 0 0 0 0 32 0 0 18 0 0 21 37 49 0 0 0 
0 0 43 0 37 56 0 53 44 0 52 12 59 0 0 0 0 0 43 0 0 0 0 0 0 0 37 0 52 0 0 0 57 0 0 0 0 0 13 0 0 0 0 0 0 0 0 0 0 25 0 0 0 31 41 0 0 23 51 0 
0 0 22 8 6 0 49 0 0 42 0 0 0 9 7 0 0 0 7 0 35 0 0 0 0 10 0 0 0 0 0 48 0 0 23 0 0 0 0 0 0 0 0 19 0 44 0 0 41 0 0 0 0 0 0 0 0 0 0 58 
0 0 0 0 0 0 0 0 0 54 29 12 0 0 0 25 0 28 0 0 0 22 0 47 0 40 20 0 0 0 0 0 0 58 0 27 0 0 0 0 42 0 0 29 0 0 0 0 0 0 0 0 0 0 0 18 0 0 0 30 
0 0 38 0 0 44 50 22 24 0 47 0 0 0 0 0 0 6 0 0 0 0 18 42 0 21 0 50 0 17 0 0 13 49 27 0 0 0 52 0 0 0 0 0 0 40 0 49 0 0 0 18 0 0 0 0 9 0 0 10 
0 39 0 0 0 21 0 0 0 0 0 0 0 0 41 0 30 0 0 20 21 56 0 16 0 0 0 0 0 0 55 0 0 20 19 59 6 0 0 0 0 20 0 57 0 11 38 54 28 0 0 0 0 0 46 48 43 0 0 49 
0 0 0 0 0 0 0 0 0 0 27 0 13 23 0 0 0 56 0 0 0 0 31 0 0 0 0 0 12 0 0 50 37 0 44 0 0 41 0 0 39 7 0 58 0 0 0 0 0 0 0 0 20 0 0 0 32 0 0 21 
0 0 11 0 16 0 0 0 16 0 0 0 0 34 0 26 59 20 0 0 0 0 0 0 0 0 23 0 35 16 0 0 0 0 0 45 0 23 0 0 0 0 14 0 0 0 23 0 0 0 0 8 0 0 0 0 15 13 0 0 
0 0 0 0 42 0 0 0 0 0 0 0 0 20 0 8 0 0 0 0 0 30 0 0 0 34 0 0 0 0 0 39 52 0 0 54 0 0 0 59 39 0 0 0 41 0 51 0 10 58 11 18 0 0 40 10 0 58 0 0 
0 0 0 53 0 0 0 0 0 0 0 0 0 0 0 43 0 0 13 0 0 21 32 45 0 0 50 21 27 0 0 0 0 52 0 0 0 7 0 16 60 11 0 0 0 20 51 26 0 25 55 0 0 0 19 0 39 8 19 0 
57 0 0 0 0 0 0 0 42 15 0 0 0 57 0 0 0 0 0 0 29 0 0 0 0 29 14 50 0 0 0 54 0 0 0 0 0 26 0 51 0 0 0 0 0 0 0 40 35 7 0 0 0 0 0 7 0 18 0 0 
0 43 0 32 0 0 0 0 0 0 0 0 0 0 59 0 0 42 0 57 0 27 41 45 0 0 0 19 0 0 0 0 17 52 25 0 25 22 20 0 0 0 26 15 33 52 0 39 0 55 0 0 0 46 56 0 0 0 0 26 
0 0 0 0 0 0 54 0 22 18 47 41 0 0 44 0 0 0 60 12 0 0 0 0 0 46 0 0 0 0 12 53 0 0 12 8 33 54 0 0 0 0 57 0 0 0 11 0 0 0 0 0 0 0 0 59 0 0 0 0 
53 0 15 0 27 54 51 6 0 0 47 0 48 0 39 0 0 0 0 0 0 0 0 0 0 21 49 0 14 0 0 0 0 21 0 0 0 0 43 22 0 32 0 0 0 0 30 0 0 0 0 0 0 0 0 0 0 0 0 0 
0 0 0 39 32 24 26 0 0 0 0 55 0 27 20 0 0 0 44 47 0 25 57 0 0 16 0 0 0 0 33 0 0 0 0 0 0 0 0 0 0 46 40 0 0 0 0 0 27 0 26 0 0 19 0 14 0 45 28 52 
51 0 21 0 0 0 0 0 15 0 0 0 9 0 40 46 0 0 0 0 50 49 21 0 0 0 0 50 0 0 41 0 43 49 0 0 0 0 27 0 33 17 0 0 0 60 42 0 0 0 0 0 50 0 0 9 0 0 45 46 
59 12 53 45 0 0 0 23 0 0 0 0 0 26 41 10 0 42 0 0 0 0 0 0 0 0 0 0 32 0 0 0 0 0 0 0 0 26 0 57 0 0 0 58 27 0 39 0 14 0 46 0 0 0 22 0 0 0 0 0 
7 0 0 0 54 0 54 0 29 22 35 0 0 0 34 12 0 53 0 11 30 0 0 50 0 0 37 51 0 0 12 0 0 0 0 41 0 0 45 0 0 0 0 0 0 0 0 0 0 26 0 47 59 0 0 0 0 0 0 0 
0 0 0 0 0 0 0 32 47 30 11 41 36 0 0 0 32 0 0 0 10 0 0 42 0 14 0 0 0 53 48 0 0 15 35 0 0 0 9 0 0 7 0 0 0 0 0 34 17 0 0 0 0 0 0 0 0 0 53 0 
51 26 21 17 0 0 0 0 0 0 0 59 0 0 0 0 0 0 0 0 0 0 0 56 0 0 15 0 0 48 0 47 19 0 0 28 31 0 18 0 31 0 0 0 0 25 0 0 0 0 52 0 38 0 25 23 0 0 0 12 
0 0 0 40 0 0 33 0 0 0 0 0 0 52 0 0 0 0 0 40 23 0 0 60 0 0 0 23 0 0 27 0 50 0 57 0 0 0 0 0 0 42 49 39 0 0 0 12 0 0 0 0 0 0 0 14 0 0 16 0 
0 0 50 0 0 31 0 50 21 0 0 0 0 0 0 0 0 0 0 45 0 9 0 0 0 0 0 9 0 0 0 0 0 0 0 0 0 0 33 42 0 47 0 34 0 0 27 0 7 31 0 0 0 0 0 43 0 0 0 0 
0 0 0 0 17 8 0 0 0 25 0 0 0 0 0 47 54 57 0 0 44 0 47 0 0 29 48 0 0 0 0 50 0 0 0 0 52 0 0 0 0 0 53 0 0 44 13 0 0 0 0 0 0 0 0 22 0 0 0 0 
0 14 46 44 0 0 45 22 0 0 35 0 0 0 0 0 0 0 0 0 0 0 0 0 0 0 0 0 0 0 25 60 18 18 0 60 0 0 18 0 0 0 23 41 0 0 0 45 0 0 0 50 0 53 0 0 0 0 0 0 
35 46 0 0 0 0 0 0 0 0 0 0 0 0 0 59 0 6 0 0 0 16 23 23 0 0 0 51 0 0 0 0 0 0 0 20 0 0 0 0 0 0 0 0 54 0 0 0 0 39 0 28 0 12 0 0 0 0 0 0 
0 0 28 0 0 0 0 0 53 50 25 0 39 15 0 0 0 30 0 39 0 28 0 0 49 0 33 0 13 0 0 0 13 0 0 0 0 0 59 32 0 58 0 0 9 0 0 0 0 0 0 0 0 0 7 32 44 0 0 0 
0 0 9 0 12 0 0 0 0 0 0 0 53 0 0 8 58 0 18 0 0 0 0 0 0 0 25 0 0 0 29 40 0 0 0 33 9 0 0 0 0 0 0 0 0 0 6 40 43 0 0 42 0 0 0 0 0 0 27 0 
0 0 27 0 16 58 0 0 0 0 0 54 0 0 0 0 0 0 34 21 0 0 0 0 0 41 0 0 0 23 0 51 0 0 0 38 0 8 0 0 38 0 0 0 0 0 0 0 0 19 0 0 0 0 0 0 0 0 31 0 
0 0 0 0 0 0 0 0 0 0 60 0 0 0 0 0 14 0 28 0 25 41 0 0 0 0 0 0 0 0 0 48 0 0 0 16 28 0 0 51 23 0 0 0 37 0 28 12 0 11 55 0 0 0 0 53 0 0 0 0 
0 0 0 0 43 0 11 0 0 0 0 0 0 35 0 0 0 0 31 18 17 0 0 0 0 0 0 0 0 0 11 0 0 0 0 9 9 0 40 0 0 0 58 0 0 0 0 0 0 6 54 0 0 17 54 0 0 0 0 0 
0 0 0 0 0 0 0 0 0 0 0 0 58 0 38 0 0 30 14 35 0 0 0 0 0 15 41 55 0 16 0 6 0 0 17 0 0 0 0 0 0 0 35 0 0 0 0 0 31 0 0 0 0 0 0 36 37 59 0 0 
46 0 55 0 0 0 0 10 0 56 0 7 0 0 0 0 0 0 0 0 56 11 11 47 0 25 0 0 0 0 9 0 0 10 0 51 0 56 15 33 0 0 0 0 0 0 23 0 0 9 16 0 0 0 14 0 0 0 16 0 
0 36 0 0 0 35 0 53 28 0 0 0 0 0 0 0 0 0 14 0 28 0 0 41 0 0 0 0 11 0 0 8 0 0 46 0 41 36 0 0 0 44 0 0 24 0 56 26 26 0 7 36 0 0 0 0 43 0 12 0 
0 0 6 0 0 0 0 0 0 0 0 28 0 26 0 0 35 0 0 0 0 0 31 0 58 0 0 0 52 0 0 0 14 0 0 0 0 0 0 0 0 0 0 0 0 0 0 0 0 0 36 29 17 0 0 0 6 0 0 39 
0 25 0 0 0 42 0 0 0 48 60 31 0 0 0 0 0 0 17 0 0 0 0 9 0 0 0 0 0 0 0 0 59 40 44 32 0 50 33 0 20 0 0 0 0 0 0 0 0 55 33 0 0 0 0 0 0 45 0 0 
0 0 48 56 0 0 0 43 6 0 0 0 52 0 16 0 0 0 0 39 0 0 0 0 0 0 0 30 0 0 0 0 0 0 39 25 0 0 0 0 0 0 31 9 0 0 0 30 0 0 42 35 53 0 0 0 9 0 0 35 
59 0 0 0 0 0 22 0 0 0 0 0 43 0 0 0 0 0 0 0 0 0 50 0 0 0 0 0 0 0 0 0 0 0 0 0 35 0 0 0 60 0 0 0 0 0 0 0 0 45 0 34 0 0 16 39 0 37 0 0 
0 0 0 0 0 0 0 51 57 60 21 44 0 7 0 0 0 0 21 0 57 0 0 0 0 0 0 39 0 0 41 0 54 32 45 0 26 0 0 0 0 0 0 53 45 0 43 0 27 0 0 0 45 12 51 0 23 0 0 39 
0 35 0 38 0 0 55 39 40 0 0 0 0 0 0 0 0 0 0 21 0 0 10 0 0 0 0 46 0 0 0 0 17 0 0 0 0 0 0 0 0 0 0 0 0 0 37 8 0 0 0 0 0 0 0 0 0 43 0 0 
0 37 41 0 0 48 0 20 36 40 0 0 0 0 41 0 0 0 30 0 0 0 0 24 0 0 0 0 0 0 0 40 15 45 29 59 0 0 0 0 0 11 0 0 0 33 32 0 0 0 11 0 37 0 27 0 0 0 0 0 
9 0 56 0 7 0 0 0 0 0 0 0 19 0 0 0 33 6 7 0 0 52 0 0 0 39 0 0 0 58 0 7 0 0 20 0 25 0 0 33 0 0 0 0 0 0 31 0 0 0 0 0 0 0 49 56 43 0 0 22 
0 16 0 0 16 0 0 0 34 0 0 0 0 0 0 0 0 17 0 40 0 0 0 0 0 20 0 0 0 0 0 0 0 0 38 16 0 7 10 8 0 48 56 0 25 0 0 18 15 0 0 30 0 0 34 31 0 0 0 0 
0 0 29 0 0 0 24 0 53 0 0 0 0 31 0 0 0 0 0 0 0 0 0 24 0 0 0 0 0 0 11 0 0 0 0 0 31 0 0 0 0 0 0 30 19 36 0 10 0 10 0 0 59 0 0 0 13 0 0 0 
0 25 46 0 36 0 0 0 40 0 0 0 0 19 48 51 0 0 0 0 0 0 0 0 8 0 0 44 0 51 0 17 0 0 0 0 0 0 0 0 0 29 39 0 0 0 0 0 0 10 0 0 44 0 0 0 0 0 0 0 
0 6 28 35 33 28 0 0 0 0 33 31 0 0 0 0 29 0 0 39 0 0 11 0 0 0 0 42 0 22 0 0 0 33 17 0 39 0 0 0 0 0 0 0 53 0 0 0 0 0 0 0 0 7 0 27 0 0 0 0 
32 0 0 25 58 29 0 0 7 0 0 14 25 0 33 0 0 0 9 31 0 23 42 0 0 0 0 0 0 0 54 0 0 0 0 0 0 0 19 0 36 0 18 0 53 31 9 0 0 0 0 0 0 8 0 0 0 58 17 0 
0 0 0 0 0 0 36 0 54 0 41 8 0 0 19 0 52 53 0 0 12 0 54 0 10 0 0 0 0 0 0 0 0 26 13 0 0 0 37 0 0 0 0 43 0 21 54 23 0 0 0 51 0 0 0 0 0 59 46 0 
36 0 0 0 17 0 0 0 0 0 26 0 0 59 0 0 0 11 26 0 0 0 47 50 0 0 0 0 18 0 0 0 0 0 0 0 0 0 0 0 0 0 35 0 0 11 0 0 23 0 8 0 0 0 44 0 0 0 14 0 
48 0 0 0 0 0 13 0 0 0 0 0 0 0 0 0 0 0 0 57 0 0 0 0 12 0 0 8 0 0 52 58 0 0 0 0 0 0 0 0 0 0 0 7 40 0 0 20 0 0 0 0 0 0 0 0 0 0 0 14 

18 0 23 0 0 0 0 0 0 0 20 0 0 0 0 25 15 0 17 25 0 0 24 16 21 0 0 0 0 0 15 0 0 0 18 0 0 0 0 0 0 0 0 0 0 23 0 25 0 16 0 0 0 0 0 0 20 25 0 24 
0 22 0 24 24 0 17 17 0 0 0 0 0 23 0 0 0 0 0 16 0 0 0 0 0 0 24 22 0 0 0 0 0 0 16 0 0 20 0 0 17 0 17 0 0 0 0 19 0 0 16 0 0 0 21 20 0 0 22 0 
0 0 19 0 0 0 0 0 22 0 0 19 0 0 0 17 0 0 0 0 0 0 0 0 0 24 0 22 0 0 15 0 0 0 0 0 19 0 0 19 0 21 0 0 0 16 0 20 25 0 0 0 16 0 24 0 0 0 0 0 
23 15 24 23 0 0 22 22 0 23 17 0 0 0 0 15 0 16 0 24 0 17 0 0 0 17 0 0 0 0 18 0 21 0 0 0 19 0 17 0 0 21 0 22 23 0 0 24 0 0 0 0 0 0 0 0 0 0 0 0 
18 0 0 0 17 17 0 0 0 0 0 23 0 0 0 0 0 24 0 0 0 0 0 16 0 0 0 0 0 19 20 0 0 0 23 0 25 25 0 0 0 0 0 24 0 0 23 0 0 0 0 0 0 0 0 0 20 18 0 0 
0 0 18 0 0 0 19 0 20 15 0 0 0 19 0 0 0 0 0 0 0 0 0 0 18 0 22 0 0 0 0 0 0 0 0 0 0 0 15 0 20 0 0 0 25 0 25 0 19 0 0 0 0 0 25 15 0 0 15 25 
21 0 0 0 0 0 0 0 0 0 0 0 20 0 0 22 19 0 16 0 0 0 0 19 0 25 0 22 17 0 0 0 0 0 0 0 24 0 24 17 0 0 21 17 0 0 15 15 0 25 18 17 0 17 22 18 0 0 0 0 
0 0 0 0 0 0 22 19 0 0 0 24 0 24 0 0 0 0 21 0 0 0 0 22 23 0 15 0 16 0 0 23 0 0 0 0 0 0 15 0 0 0 18 0 0 0 15 0 0 22 18 25 0 0 22 0 0 0 25 22 
22 0 0 20 0 0 21 0 15 0 0 0 24 0 24 0 19 0 0 0 25 15 23 16 24 0 0 0 15 0 0 0 0 0 0 0 17 0 0 0 0 0 0 0 15 0 0 17 0 16 23 0 0 23 21 23 0 0 0 0 
0 0 0 0 0 15 0 0 0 0 21 0 0 0 0 0 19 25 25 0 0 0 0 0 0 0 0 0 0 0 0 0 0 0 0 15 17 25 0 0 0 0 17 0 18 0 0 0 0 15 15 25 23 0 0 0 15 0 24 0 
0 22 0 0 0 0 19 0 24 0 0 0 0 0 0 0 0 0 18 0 22 16 0 0 17 0 0 18 0 0 0 0 0 0 0 0 0 0 19 0 0 0 0 23 17 0 0 24 22 0 0 0 0 0 0 0 0 0 0 18 
0 0 0 0 0 0 0 0 21 18 0 22 0 0 0 16 0 0 0 20 0 0 0 0 21 0 0 0 0 0 0 24 0 22 23 0 0 20 0 0 24 0 0 25 0 0 0 0 16 0 0 23 0 0 19 21 17 0 0 0 
0 0 25 0 17 20 0 17 20 0 25 19 19 0 0 0 0 0 19 0 0 0 0 0 0 0 17 0 25 0 0 0 17 0 0 0 0 0 19 0 0 0 0 0 0 0 0 0 0 22 0 0 0 20 25 0 0 25 22 0 
0 0 15 21 23 0 20 0 0 25 0 0 0 24 18 0 0 0 25 0 20 0 0 0 0 17 0 0 0 0 0 21 0 0 25 0 0 0 0 0 0 0 0 15 0 24 0 0 19 0 0 0 0 0 0 0 0 0 0 22 
0 0 0 0 0 0 0 0 0 24 20 17 0 0 0 22 0 24 0 0 0 21 0 23 0 22 24 0 0 0 0 0 0 16 0 25 0 0 0 0 20 0 0 22 0 0 0 0 0 0 0 0 0 0 0 19 0 0 0 24 
0 0 18 0 0 22 18 20 17 0 19 0 0 0 0 0 0 23 0 0 0 0 20 19 0 25 0 22 0 22 0 0 18 16 17 0 0 0 17 0 0 0 0 0 0 22 0 23 0 0 0 21 0 0 0 0 18 0 0 15 
0 25 0 0 0 23 0 0 0 0 0 0 0 0 17 0 18 0 0 23 22 19 0 24 0 0 0 0 0 0 23 0 0 20 17 20 20 0 0 0 0 15 0 17 0 18 19 18 19 0 0 0 0 0 19 23 17 0 0 24 
0 0 0 0 0 0 0 0 0 0 25 0 25 20 0 0 0 24 0 0 0 0 19 0 0 0 0 0 18 0 0 17 25 0 20 0 0 20 0 0 16 20 0 18 0 0 0 0 0 0 0 0 16 0 0 0 23 0 0 15 
0 0 20 0 16 0 0 0 18 0 0 0 0 25 0 22 21 17 0 0 0 0 0 0 0 0 20 0 24 21 0 0 0 0 0 22 0 22 0 0 0 0 18 0 0 0 20 0 0 0 0 24 0 0 0 0 19 23 0 0 
0 0 0 0 25 0 0 0 0 0 0 0 0 18 0 18 0 0 0 0 0 23 0 0 0 15 0 0 0 0 0 19 18 0 0 16 0 0 0 23 18 0 0 0 17 0 22 0 18 19 25 20 0 0 23 18 0 21 0 0 
0 0 0 16 0 0 0 0 0 0 0 0 0 0 0 24 0 0 16 0 0 16 22 23 0 0 19 20 22 0 0 0 0 19 0 0 0 17 0 19 16 25 0 0 0 24 15 15 0 20 25 0 0 0 19 0 15 20 23 0 
24 0 0 0 0 0 0 0 19 17 0 0 0 18 0 0 0 0 0 0 22 0 0 0 0 22 17 19 0 0 0 23 0 0 0 0 0 22 0 19 0 0 0 0 0 0 0 21 20 23 0 0 0 0 0 19 0 21 0 0 
0 17 0 15 0 0 0 0 0 0 0 0 0 0 24 0 0 21 0 15 0 20 24 22 0 0 0 23 0 0 0 0 19 15 24 0 19 21 24 0 0 0 20 24 24 15 0 20 0 20 0 0 0 22 24 0 0 0 0 23 
0 0 0 0 0 0 20 0 23 25 20 16 0 0 23 0 0 0 22 20 0 0 0 0 0 24 0 0 0 0 21 23 0 0 18 24 20 23 0 0 0 0 25 0 0 0 19 0 0 0 0 0 0 0 0 18 0 0 0 0 
24 0 19 0 19 16 16 24 0 0 25 0 19 0 17 0 0 0 0 0 0 0 0 0 0 18 18 0 17 0 0 0 0 25 0 0 0 0 19 15 0 15 0 0 0 0 18 0 0 0 0 0 0 0 0 0 0 0 0 0 
0 0 0 19 21 19 25 0 0 0 0 17 0 21 18 0 0 0 21 19 0 18 23 0 0 24 0 0 0 0 24 0 0 0 0 0 0 0 0 0 0 24 23 0 0 0 0 0 20 0 23 0 0 21 0 18 0 23 22 16 
21 0 23 0 0 0 0 0 22 0 0 0 15 0 18 25 0 0 0 0 21 17 24 0 0 0 0 24 0 0 18 0 23 18 0 0 0 0 16 0 19 18 0 0 0 22 25 0 0 0 0 0 25 0 0 22 0 0 18 17 
21 22 25 18 0 0 0 24 0 0 0 0 0 23 17 18 0 19 0 0 0 0 0 0 0 0 0 0 24 0 0 0 0 0 0 0 0 16 0 19 0 0 0 25 16 0 17 0 24 0 16 0 0 0 21 0 0 0 0 0 
18 0 0 0 21 0 24 0 21 17 22 0 0 0 20 16 0 23 0 23 23 0 0 25 0 0 18 23 0 0 19 0 0 0 0 16 0 0 19 0 0 0 0 0 0 0 0 0 0 18 0 20 25 0 0 0 0 0 0 0 
0 0 0 0 0 0 0 23 21 21 24 23 15 0 0 0 21 0 0 0 25 0 0 18 0 22 0 0 0 21 22 0 0 23 21 0 0 0 25 0 0 23 0 0 0 0 0 24 25 0 0 0 0 0 0 0 0 0 19 0 
20 16 17 18 0 0 0 0 0 0 0 22 0 0 0 0 0 0 0 0 0 0 0 22 0 0 22 0 0 25 0 15 20 0 0 24 24 0 22 0 16 0 0 0 0 24 0 0 0 0 25 0 25 0 20 22 0 0 0 15 
0 0 0 15 0 0 23 0 0 0 0 0 0 19 0 0 0 0 0 22 20 0 0 15 0 0 0 21 0 0 21 0 25 0 15 0 0 0 0 0 0 20 22 21 0 0 0 17 0 0 0 0 0 0 0 25 0 0 20 0 
0 0 15 0 0 16 0 20 18 0 0 0 0 0 0 0 0 0 0 19 0 25 0 0 0 0 0 16 0 0 0 0 0 0 0 0 0 0 15 15 0 25 0 25 0 0 25 0 21 22 0 0 0 0 0 23 0 0 0 0 
0 0 0 0 21 16 0 0 0 15 0 0 0 0 0 16 16 17 0 0 15 0 20 0 0 17 22 0 0 0 0 23 0 0 0 0 25 0 0 0 0 0 21 0 0 23 23 0 0 0 0 0 0 0 0 16 0 0 0 0 
0 22 15 15 0 0 22 23 0 0 20 0 0 0 0 0 0 0 0 0 0 0 0 0 0 0 0 0 0 0 19 23 23 19 0 25 0 0 21 0 0 0 25 25 0 0 0 17 0 0 0 25 0 15 0 0 0 0 0 0 
23 24 0 0 0 0 0 0 0 0 0 0 0 0 0 24 0 17 0 0 0 24 16 25 0 0 0 21 0 0 0 0 0 0 0 20 0 0 0 0 0 0 0 0 18 0 0 0 0 15 0 20 0 15 0 0 0 0 0 0 
0 0 18 0 0 0 0 0 25 17 16 0 18 16 0 0 0 19 0 21 0 20 0 0 21 0 18 0 21 0 0 0 25 0 0 0 0 0 20 25 0 19 0 0 25 0 0 0 0 0 0 0 0 0 18 25 17 0 0 0 
0 0 21 0 16 0 0 0 0 0 0 0 22 0 0 22 25 0 24 0 0 0 0 0 0 0 19 0 0 0 22 22 0 0 0 22 20 0 0 0 0 0 0 0 0 0 16 15 21 0 0 21 0 0 0 0 0 0 19 0 
0 0 15 0 22 21 0 0 0 0 0 24 0 0 0 0 0 0 17 25 0 0 0 0 0 21 0 0 0 21 0 15 0 0 0 15 0 22 0 0 23 0 0 0 0 0 0 0 0 17 0 0 0 0 0 0 0 0 15 0 
0 0 0 0 0 0 0 0 0 0 17 0 0 0 0 0 17 0 19 0 15 22 0 0 0 0 0 0 0 0 0 24 0 0 0 18 18 0 0 24 23 0 0 0 25 0 16 19 0 19 21 0 0 0 0 16 0 0 0 0 
0 0 0 0 22 0 19 0 0 0 0 0 0 24 0 0 0 0 25 24 24 0 0 0 0 0 0 0 0 0 19 0 0 0 0 18 25 0 22 0 0 0 17 0 0 0 0 0 0 21 19 0 0 15 15 0 0 0 0 0 
0 0 0 0 0 0 0 0 0 0 0 0 17 0 24 0 0 15 25 23 0 0 0 0 0 16 21 24 0 16 0 24 0 0 21 0 0 0 0 0 0 0 19 0 0 0 0 0 20 0 0 0 0 0 0 15 22 21 0 0 
24 0 23 0 0 0 0 16 0 18 0 22 0 0 0 0 0 0 0 0 22 17 17 15 0 16 0 0 0 0 19 0 0 17 0 17 0 22 21 25 0 0 0 0 0 0 18 0 0 23 16 0 0 0 15 0 0 0 24 0 
0 20 0 0 0 22 0 15 25 0 0 0 0 0 0 0 0 0 18 0 17 0 0 23 0 0 0 0 16 0 0 17 0 0 20 0 15 18 0 0 0 19 0 0 18 0 23 16 21 0 25 23 0 0 0 0 17 0 17 0 
0 0 22 0 0 0 0 0 0 0 0 16 0 23 0 0 17 0 0 0 0 0 23 0 23 0 0 0 23 0 0 0 18 0 0 0 0 0 0 0 0 0 0 0 0 0 0 0 0 0 19 22 20 0 0 0 22 0 0 15 
0 20 0 0 0 19 0 0 0 15 22 23 0 0 0 0 0 0 15 0 0 0 0 23 0 0 0 0 0 0 0 0 19 17 22 21 0 17 20 0 17 0 0 0 0 0 0 0 0 24 25 0 0 0 0 0 0 15 0 0 
0 0 17 23 0 0 0 22 19 0 0 0 23 0 19 0 0 0 0 24 0 0 0 0 0 0 0 23 0 0 0 0 0 0 20 16 0 0 0 0 0 0 17 21 0 0 0 23 0 0 18 22 25 0 0 0 24 0 0 20 
16 0 0 0 0 0 24 0 0 0 0 0 21 0 0 0 0 0 0 0 0 0 15 0 0 0 0 0 0 0 0 0 0 0 0 0 16 0 0 0 20 0 0 0 0 0 0 0 0 19 0 15 0 0 17 20 0 21 0 0 
0 0 0 0 0 0 0 23 20 24 23 25 0 16 0 0 0 0 23 0 21 0 0 0 0 0 0 19 0 0 22 0 19 24 18 0 24 0 0 0 0 0 0 15 17 0 18 0 16 0 0 0 23 19 17 0 22 0 0 17 
0 21 0 21 0 0 20 19 25 0 0 0 0 0 0 0 0 0 0 21 0 0 19 0 0 0 0 19 0 0 0 0 19 0 0 0 0 0 0 0 0 0 0 0 0 0 21 23 0 0 0 0 0 0 0 0 0 20 0 0 
0 15 22 0 0 21 0 18 15 25 0 0 0 0 23 0 0 0 24 0 0 0 0 23 0 0 0 0 0 0 0 23 20 24 19 19 0 0 0 0 0 19 0 0 0 25 22 0 0 0 19 0 17 0 25 0 0 0 0 0 
25 0 24 0 18 0 0 0 0 0 0 0 16 0 0 0 22 22 18 0 0 16 0 0 0 25 0 0 0 17 0 24 0 0 25 0 21 0 0 19 0 0 0 0 0 0 17 0 0 0 0 0 0 0 25 21 25 0 0 25 
0 23 0 0 16 0 0 0 21 0 0 0 0 0 0 0 0 25 0 24 0 0 0 0 0 18 0 0 0 0 0 0 0 0 24 23 0 16 25 24 0 24 19 0 24 0 0 19 24 0 0 17 0 0 19 20 0 0 0 0 
0 0 19 0 0 0 22 0 23 0 0 0 0 16 0 0 0 0 0 0 0 0 0 22 0 0 0 0 0 0 25 0 0 0 0 0 20 0 0 0 0 0 0 22 21 15 0 21 0 18 0 0 25 0 0 0 24 0 0 0 
0 24 18 0 18 0 0 0 20 0 0 0 0 17 15 22 0 0 0 0 0 0 0 0 23 0 0 18 0 15 0 15 0 0 0 0 0 0 0 0 0 20 15 0 0 0 0 0 0 18 0 0 15 0 0 0 0 0 0 0 
0 19 20 16 18 23 0 0 0 0 18 20 0 0 0 0 21 0 0 19 0 0 23 0 0 0 0 16 0 22 0 0 0 19 19 0 18 0 0 0 0 0 0 0 25 0 0 0 0 0 0 0 0 22 0 16 0 0 0 0 
15 0 0 17 23 23 0 0 24 0 0 21 21 0 21 0 0 0 16 15 0 24 22 0 0 0 0 0 0 0 18 0 0 0 0 0 0 0 16 0 17 0 18 0 23 19 16 0 0 0 0 0 0 20 0 0 0 24 17 0 
0 0 0 0 0 0 25 0 16 0 21 22 0 0 15 0 22 22 0 0 19 0 16 0 19 0 0 0 0 0 0 0 0 19 21 0 0 0 16 0 0 0 0 24 0 16 16 23 0 0 0 19 0 0 0 0 0 19 18 0 
19 0 0 0 22 0 0 0 0 0 20 0 0 25 0 0 0 19 19 0 0 0 25 20 0 0 0 0 23 0 0 0 0 0 0 0 0 0 0 0 0 0 19 0 0 15 0 0 16 0 19 0 0 0 23 0 0 0 15 0 
20 0 0 0 0 0 22 0 0 0 0 0 0 0 0 0 0 0 0 19 0 0 0 0 24 0 0 25 0 0 19 15 0 0 0 0 0 0 0 0 0 0 0 15 25 0 0 17 0 0 0 0 0 0 0 0 0 0 0 21 
