25 25 3 3
20
3 4 5 
4 3 4 
5 4 3 

346 381 396 7
140 173 183 8
125 159 170 8
369 397 410 7
264 297 309 9
314 347 361 8
492 517 531 10
342 372 387 5
260 298 308 9
433 461 475 5
249 284 295 10
250 286 296 6
17 51 66 6
444 478 490 10
14 49 59 6
341 371 381 7
303 335 348 8
222 253 263 10
243 268 283 9
217 246 257 9
251 288 301 5
494 532 545 8
347 379 389 7
205 244 257 7
224 257 269 9
171 206 217 9
333 372 383 10
56 88 101 8
156 186 201 7
233 259 269 8
300 333 343 8
30 62 74 9
379 412 427 6
251 278 288 8
135 169 183 7
375 410 423 7
169 206 217 10
305 337 349 10
208 246 261 10
201 240 251 10
368 400 414 9
178 210 225 10
392 426 436 9
488 521 536 5
48 77 89 9
166 193 207 10
42 79 94 9
265 296 308 8
389 428 442 8
241 276 290 6

6 0 20 0 0 0 0 0 0 0 55 0 0 0 0 39 9 0 29 22 0 0 7 50 28 
0 0 0 0 0 59 0 0 0 40 0 0 0 0 0 0 0 0 0 0 32 0 44 0 44 
0 0 0 0 0 0 56 28 0 27 0 8 0 47 51 0 14 22 0 0 0 0 0 60 0 
0 0 0 0 29 0 0 0 0 0 0 57 50 0 0 0 0 0 0 23 0 0 60 0 0 
10 0 34 0 0 0 0 47 0 0 28 0 0 0 24 23 0 0 49 0 0 0 9 0 0 
0 0 0 52 0 0 13 0 0 0 16 0 0 0 0 0 0 0 0 0 6 0 25 0 0 
41 0 0 0 0 0 54 0 0 14 0 31 0 0 0 54 0 30 7 0 0 0 60 0 45 
0 0 0 0 0 6 54 41 27 0 0 39 12 0 55 23 0 0 0 0 39 0 27 0 45 
0 35 0 0 0 19 0 0 0 0 49 0 59 0 0 0 12 0 28 0 0 23 0 59 10 
0 0 54 0 0 0 0 0 0 0 0 0 0 0 0 11 0 0 0 33 23 0 0 0 0 
0 14 0 0 0 0 0 36 0 0 0 0 0 25 0 0 0 0 0 20 41 0 0 0 22 
0 33 13 0 0 0 0 0 46 0 0 36 0 0 0 0 0 0 0 0 0 31 20 0 0 
0 0 52 0 0 0 47 0 30 16 0 0 0 59 0 0 0 0 0 0 0 0 0 0 43 
0 58 0 0 0 0 0 0 0 0 0 0 0 49 0 48 0 0 0 8 0 43 0 53 0 
0 0 0 0 53 54 0 0 49 9 57 0 0 0 0 0 0 0 0 0 0 0 47 0 0 
22 6 0 26 0 0 0 0 43 0 31 0 54 21 0 0 0 0 0 0 0 31 0 25 25 
0 0 28 46 0 0 46 34 0 56 53 37 0 15 38 45 0 0 0 0 0 0 0 0 0 
0 45 14 0 0 0 45 0 23 0 0 0 0 47 0 0 0 0 10 57 0 54 0 25 0 
0 24 0 0 0 0 0 0 44 0 0 0 47 0 0 0 38 0 0 30 50 32 0 0 58 
0 0 0 48 26 31 0 0 35 0 0 49 0 20 0 0 0 7 0 46 0 6 0 0 0 
35 38 57 23 16 0 0 0 17 0 0 0 0 0 0 0 17 0 0 0 0 0 0 0 14 
0 0 48 0 31 31 0 0 45 7 10 0 0 0 0 0 0 0 0 0 60 0 0 0 0 
60 0 0 0 0 0 31 12 55 0 0 0 0 0 0 0 0 0 0 0 0 0 0 0 0 
22 6 43 0 0 0 0 38 0 53 0 0 0 0 9 19 54 21 0 0 0 25 0 54 0 
0 10 0 0 0 0 55 0 45 0 0 0 0 0 0 0 0 0 59 0 6 24 0 0 30 

18 0 23 0 0 0 0 0 0 0 20 0 0 0 0 25 15 0 17 25 0 0 24 16 21 
0 0 0 0 0 15 0 0 0 18 0 0 0 0 0 0 0 0 0 0 23 0 25 0 16 
0 0 0 0 0 0 20 25 0 24 0 22 0 24 24 0 17 17 0 0 0 0 0 23 0 
0 0 0 0 16 0 0 0 0 0 0 24 22 0 0 0 0 0 0 16 0 0 20 0 0 
17 0 17 0 0 0 0 19 0 0 16 0 0 0 21 20 0 0 22 0 0 0 19 0 0 
0 0 0 22 0 0 19 0 0 0 17 0 0 0 0 0 0 0 0 0 24 0 22 0 0 
15 0 0 0 0 0 19 0 0 19 0 21 0 0 0 16 0 20 25 0 0 0 16 0 24 
0 0 0 0 0 23 15 24 23 0 0 22 22 0 23 17 0 0 0 0 15 0 16 0 24 
0 17 0 0 0 17 0 0 0 0 18 0 21 0 0 0 19 0 17 0 0 21 0 22 23 
0 0 24 0 0 0 0 0 0 0 0 0 0 0 0 18 0 0 0 17 17 0 0 0 0 
0 23 0 0 0 0 0 24 0 0 0 0 0 16 0 0 0 0 0 19 20 0 0 0 23 
0 25 25 0 0 0 0 0 24 0 0 23 0 0 0 0 0 0 0 0 0 20 18 0 0 
0 0 18 0 0 0 19 0 20 15 0 0 0 19 0 0 0 0 0 0 0 0 0 0 18 
0 22 0 0 0 0 0 0 0 0 0 0 0 15 0 20 0 0 0 25 0 25 0 19 0 
0 0 0 0 25 15 0 0 15 25 21 0 0 0 0 0 0 0 0 0 0 0 20 0 0 
22 19 0 16 0 0 0 0 19 0 25 0 22 17 0 0 0 0 0 0 0 24 0 24 17 
0 0 21 17 0 0 15 15 0 25 18 17 0 17 22 18 0 0 0 0 0 0 0 0 0 
0 22 19 0 0 0 24 0 24 0 0 0 0 21 0 0 0 0 22 23 0 15 0 16 0 
0 23 0 0 0 0 0 0 15 0 0 0 18 0 0 0 15 0 0 22 18 25 0 0 22 
0 0 0 25 22 22 0 0 20 0 0 21 0 15 0 0 0 24 0 24 0 19 0 0 0 
25 15 23 16 24 0 0 0 15 0 0 0 0 0 0 0 17 0 0 0 0 0 0 0 15 
0 0 17 0 16 23 0 0 23 21 23 0 0 0 0 0 0 0 0 0 15 0 0 0 0 
21 0 0 0 0 0 19 25 25 0 0 0 0 0 0 0 0 0 0 0 0 0 0 0 0 
15 17 25 0 0 0 0 17 0 18 0 0 0 0 15 15 25 23 0 0 0 15 0 24 0 
0 22 0 0 0 0 19 0 24 0 0 0 0 0 0 0 0 0 18 0 22 16 0 0 17 
