35 35 6 6
20
3 4 5 6 7 8 
4 3 4 5 6 7 
5 4 3 4 5 6 
6 5 4 3 4 5 
7 6 5 4 3 4 
8 7 6 5 4 3 

246 281 296 7
340 373 383 8
75 109 120 8
319 347 360 7
214 247 259 9
14 47 61 8
92 117 131 10
342 372 387 5
260 298 308 9
333 361 375 5
299 334 345 10
350 386 396 6
167 201 216 6
244 278 290 10
164 199 209 6
41 71 81 7
203 235 248 8
172 203 213 10
243 268 283 9
317 346 357 9
151 188 201 5
94 132 145 8
47 79 89 7
105 144 157 7
24 57 69 9
27 62 73 9
125 151 162 10
3 38 51 8
130 161 176 7
55 82 92 8
169 196 206 8
97 137 149 9
38 75 90 6
154 180 190 8
38 66 80 7
267 302 315 7
219 258 269 10
23 55 67 10
177 207 222 10
248 274 285 10
108 141 155 9
240 272 287 10
109 142 152 9
248 275 290 5
273 307 319 9
165 200 214 10
214 251 266 9
107 139 151 8
115 153 167 8
99 138 152 6
269 301 311 9
268 300 312 9
359 393 405 10
143 176 191 10
210 239 254 8
340 367 382 5
99 136 147 9
208 239 251 9
215 254 266 6
196 231 245 9
345 374 387 10
352 380 393 7
132 157 168 7
69 101 113 9
16 46 61 6
236 266 281 9
92 126 137 10
50 81 91 8
29 67 77 8
315 346 359 6

6 0 20 0 0 0 0 0 0 0 55 0 0 0 0 39 9 0 29 22 0 0 7 50 28 0 0 0 0 0 59 0 0 0 40 
0 0 0 0 0 0 0 0 0 0 32 0 44 0 44 0 0 0 0 0 0 56 28 0 27 0 8 0 47 51 0 14 22 0 0 
0 0 0 60 0 0 0 0 0 29 0 0 0 0 0 0 57 50 0 0 0 0 0 0 23 0 0 60 0 0 10 0 34 0 0 
0 0 47 0 0 28 0 0 0 24 23 0 0 49 0 0 0 9 0 0 0 0 0 52 0 0 13 0 0 0 16 0 0 0 0 
0 0 0 0 0 6 0 25 0 0 41 0 0 0 0 0 54 0 0 14 0 31 0 0 0 54 0 30 7 0 0 0 60 0 45 
0 0 0 0 0 6 54 41 27 0 0 39 12 0 55 23 0 0 0 0 39 0 27 0 45 0 35 0 0 0 19 0 0 0 0 
49 0 59 0 0 0 12 0 28 0 0 23 0 59 10 0 0 54 0 0 0 0 0 0 0 0 0 0 0 0 11 0 0 0 33 
23 0 0 0 0 0 14 0 0 0 0 0 36 0 0 0 0 0 25 0 0 0 0 0 20 41 0 0 0 22 0 33 13 0 0 
0 0 0 46 0 0 36 0 0 0 0 0 0 0 0 0 31 20 0 0 0 0 52 0 0 0 47 0 30 16 0 0 0 59 0 
0 0 0 0 0 0 0 0 0 43 0 58 0 0 0 0 0 0 0 0 0 0 0 49 0 48 0 0 0 8 0 43 0 53 0 
0 0 0 0 53 54 0 0 49 9 57 0 0 0 0 0 0 0 0 0 0 0 47 0 0 22 6 0 26 0 0 0 0 43 0 
31 0 54 21 0 0 0 0 0 0 0 31 0 25 25 0 0 28 46 0 0 46 34 0 56 53 37 0 15 38 45 0 0 0 0 
0 0 0 0 0 0 45 14 0 0 0 45 0 23 0 0 0 0 47 0 0 0 0 10 57 0 54 0 25 0 0 24 0 0 0 
0 0 0 44 0 0 0 47 0 0 0 38 0 0 30 50 32 0 0 58 0 0 0 48 26 31 0 0 35 0 0 49 0 20 0 
0 0 7 0 46 0 6 0 0 0 35 38 57 23 16 0 0 0 17 0 0 0 0 0 0 0 17 0 0 0 0 0 0 0 14 
0 0 48 0 31 31 0 0 45 7 10 0 0 0 0 0 0 0 0 0 60 0 0 0 0 60 0 0 0 0 0 31 12 55 0 
0 0 0 0 0 0 0 0 0 0 0 0 0 0 0 22 6 43 0 0 0 0 38 0 53 0 0 0 0 9 19 54 21 0 0 
0 25 0 54 0 0 10 0 0 0 0 55 0 45 0 0 0 0 0 0 0 0 0 59 0 6 24 0 0 30 0 0 27 0 0 
0 0 0 0 0 0 0 0 26 0 0 0 0 11 59 0 0 35 52 0 0 0 0 0 0 0 0 0 0 41 0 0 0 0 0 
0 0 0 20 37 0 45 0 0 0 39 0 0 0 57 0 0 0 0 13 0 0 0 0 0 0 45 0 19 17 0 0 51 0 0 
36 0 0 58 0 0 0 0 32 0 0 18 0 0 21 37 49 0 0 0 0 0 43 0 37 56 0 53 44 0 52 12 59 0 0 
0 0 0 43 0 0 0 0 0 0 0 37 0 52 0 0 0 57 0 0 0 0 0 13 0 0 0 0 0 0 0 0 0 0 25 
0 0 0 31 41 0 0 23 51 0 0 0 22 8 6 0 49 0 0 42 0 0 0 9 7 0 0 0 7 0 35 0 0 0 0 
10 0 0 0 0 0 48 0 0 23 0 0 0 0 0 0 0 0 19 0 44 0 0 41 0 0 0 0 0 0 0 0 0 0 58 
0 0 0 0 0 0 0 0 0 54 29 12 0 0 0 25 0 28 0 0 0 22 0 47 0 40 20 0 0 0 0 0 0 58 0 
27 0 0 0 0 42 0 0 29 0 0 0 0 0 0 0 0 0 0 0 18 0 0 0 30 0 0 38 0 0 44 50 22 24 0 
47 0 0 0 0 0 0 6 0 0 0 0 18 42 0 21 0 50 0 17 0 0 13 49 27 0 0 0 52 0 0 0 0 0 0 
40 0 49 0 0 0 18 0 0 0 0 9 0 0 10 0 39 0 0 0 21 0 0 0 0 0 0 0 0 41 0 30 0 0 20 
21 56 0 16 0 0 0 0 0 0 55 0 0 20 19 59 6 0 0 0 0 20 0 57 0 11 38 54 28 0 0 0 0 0 46 
48 43 0 0 49 0 0 0 0 0 0 0 0 0 0 27 0 13 23 0 0 0 56 0 0 0 0 31 0 0 0 0 0 12 0 
0 50 37 0 44 0 0 41 0 0 39 7 0 58 0 0 0 0 0 0 0 0 20 0 0 0 32 0 0 21 0 0 11 0 16 
0 0 0 16 0 0 0 0 34 0 26 59 20 0 0 0 0 0 0 0 0 23 0 35 16 0 0 0 0 0 45 0 23 0 0 
0 0 14 0 0 0 23 0 0 0 0 8 0 0 0 0 15 13 0 0 0 0 0 0 42 0 0 0 0 0 0 0 0 20 0 
8 0 0 0 0 0 30 0 0 0 34 0 0 0 0 0 39 52 0 0 54 0 0 0 59 39 0 0 0 41 0 51 0 10 58 
11 18 0 0 40 10 0 58 0 0 0 0 0 53 0 0 0 0 0 0 0 0 0 0 0 43 0 0 13 0 0 21 32 45 0 

18 0 23 0 0 0 0 0 0 0 20 0 0 0 0 25 15 0 17 25 0 0 24 16 21 0 0 0 0 0 15 0 0 0 18 
0 0 0 0 0 0 0 0 0 0 23 0 25 0 16 0 0 0 0 0 0 20 25 0 24 0 22 0 24 24 0 17 17 0 0 
0 0 0 23 0 0 0 0 0 16 0 0 0 0 0 0 24 22 0 0 0 0 0 0 16 0 0 20 0 0 17 0 17 0 0 
0 0 19 0 0 16 0 0 0 21 20 0 0 22 0 0 0 19 0 0 0 0 0 22 0 0 19 0 0 0 17 0 0 0 0 
0 0 0 0 0 24 0 22 0 0 15 0 0 0 0 0 19 0 0 19 0 21 0 0 0 16 0 20 25 0 0 0 16 0 24 
0 0 0 0 0 23 15 24 23 0 0 22 22 0 23 17 0 0 0 0 15 0 16 0 24 0 17 0 0 0 17 0 0 0 0 
18 0 21 0 0 0 19 0 17 0 0 21 0 22 23 0 0 24 0 0 0 0 0 0 0 0 0 0 0 0 18 0 0 0 17 
17 0 0 0 0 0 23 0 0 0 0 0 24 0 0 0 0 0 16 0 0 0 0 0 19 20 0 0 0 23 0 25 25 0 0 
0 0 0 24 0 0 23 0 0 0 0 0 0 0 0 0 20 18 0 0 0 0 18 0 0 0 19 0 20 15 0 0 0 19 0 
0 0 0 0 0 0 0 0 0 18 0 22 0 0 0 0 0 0 0 0 0 0 0 15 0 20 0 0 0 25 0 25 0 19 0 
0 0 0 0 25 15 0 0 15 25 21 0 0 0 0 0 0 0 0 0 0 0 20 0 0 22 19 0 16 0 0 0 0 19 0 
25 0 22 17 0 0 0 0 0 0 0 24 0 24 17 0 0 21 17 0 0 15 15 0 25 18 17 0 17 22 18 0 0 0 0 
0 0 0 0 0 0 22 19 0 0 0 24 0 24 0 0 0 0 21 0 0 0 0 22 23 0 15 0 16 0 0 23 0 0 0 
0 0 0 15 0 0 0 18 0 0 0 15 0 0 22 18 25 0 0 22 0 0 0 25 22 22 0 0 20 0 0 21 0 15 0 
0 0 24 0 24 0 19 0 0 0 25 15 23 16 24 0 0 0 15 0 0 0 0 0 0 0 17 0 0 0 0 0 0 0 15 
0 0 17 0 16 23 0 0 23 21 23 0 0 0 0 0 0 0 0 0 15 0 0 0 0 21 0 0 0 0 0 19 25 25 0 
0 0 0 0 0 0 0 0 0 0 0 0 0 0 0 15 17 25 0 0 0 0 17 0 18 0 0 0 0 15 15 25 23 0 0 
0 15 0 24 0 0 22 0 0 0 0 19 0 24 0 0 0 0 0 0 0 0 0 18 0 22 16 0 0 17 0 0 18 0 0 
0 0 0 0 0 0 0 0 19 0 0 0 0 23 17 0 0 24 22 0 0 0 0 0 0 0 0 0 0 18 0 0 0 0 0 
0 0 0 21 18 0 22 0 0 0 16 0 0 0 20 0 0 0 0 21 0 0 0 0 0 0 24 0 22 23 0 0 20 0 0 
24 0 0 25 0 0 0 0 16 0 0 23 0 0 19 21 17 0 0 0 0 0 25 0 17 20 0 17 20 0 25 19 19 0 0 
0 0 0 19 0 0 0 0 0 0 0 17 0 25 0 0 0 17 0 0 0 0 0 19 0 0 0 0 0 0 0 0 0 0 22 
0 0 0 20 25 0 0 25 22 0 0 0 15 21 23 0 20 0 0 25 0 0 0 24 18 0 0 0 25 0 20 0 0 0 0 
17 0 0 0 0 0 21 0 0 25 0 0 0 0 0 0 0 0 15 0 24 0 0 19 0 0 0 0 0 0 0 0 0 0 22 
0 0 0 0 0 0 0 0 0 24 20 17 0 0 0 22 0 24 0 0 0 21 0 23 0 22 24 0 0 0 0 0 0 16 0 
25 0 0 0 0 20 0 0 22 0 0 0 0 0 0 0 0 0 0 0 19 0 0 0 24 0 0 18 0 0 22 18 20 17 0 
19 0 0 0 0 0 0 23 0 0 0 0 20 19 0 25 0 22 0 22 0 0 18 16 17 0 0 0 17 0 0 0 0 0 0 
22 0 23 0 0 0 21 0 0 0 0 18 0 0 15 0 25 0 0 0 23 0 0 0 0 0 0 0 0 17 0 18 0 0 23 
22 19 0 24 0 0 0 0 0 0 23 0 0 20 17 20 20 0 0 0 0 15 0 17 0 18 19 18 19 0 0 0 0 0 19 
23 17 0 0 24 0 0 0 0 0 0 0 0 0 0 25 0 25 20 0 0 0 24 0 0 0 0 19 0 0 0 0 0 18 0 
0 17 25 0 20 0 0 20 0 0 16 20 0 18 0 0 0 0 0 0 0 0 16 0 0 0 23 0 0 15 0 0 20 0 16 
0 0 0 18 0 0 0 0 25 0 22 21 17 0 0 0 0 0 0 0 0 20 0 24 21 0 0 0 0 0 22 0 22 0 0 
0 0 18 0 0 0 20 0 0 0 0 24 0 0 0 0 19 23 0 0 0 0 0 0 25 0 0 0 0 0 0 0 0 18 0 
18 0 0 0 0 0 23 0 0 0 15 0 0 0 0 0 19 18 0 0 16 0 0 0 23 18 0 0 0 17 0 22 0 18 19 
25 20 0 0 23 18 0 21 0 0 0 0 0 16 0 0 0 0 0 0 0 0 0 0 0 24 0 0 16 0 0 16 22 23 0 
