15 15 3 3
20
3 4 5 
4 3 4 
5 4 3 

146 181 196 7
240 273 283 8
25 59 70 8
69 97 110 7
164 197 209 9
14 47 61 8
192 217 231 10
42 72 87 5
60 98 108 9
133 161 175 5
249 284 295 10
250 286 296 6
17 51 66 6
144 178 190 10
14 49 59 6
255 290 300 7
67 106 119 8
75 107 117 10
108 138 153 9
243 269 280 9
232 265 278 5
245 277 290 8
48 81 91 7
250 277 290 7
194 228 240 9
220 255 266 9
123 160 171 10
84 116 129 8
243 281 296 7
307 346 356 8

6 0 20 0 0 0 0 0 0 0 55 0 0 0 0 
39 9 0 29 22 0 0 7 50 28 0 0 0 0 0 
59 0 0 0 40 0 0 0 0 0 0 0 0 0 0 
32 0 44 0 44 0 0 0 0 0 0 56 28 0 27 
0 8 0 47 51 0 14 22 0 0 0 0 0 60 0 
0 0 0 0 29 0 0 0 0 0 0 57 50 0 0 
0 0 0 0 23 0 0 60 0 0 10 0 34 0 0 
0 0 47 0 0 28 0 0 0 24 23 0 0 49 0 
0 0 9 0 0 0 0 0 52 0 0 13 0 0 0 
16 0 0 0 0 0 0 0 0 0 6 0 25 0 0 
41 0 0 0 0 0 54 0 0 14 0 31 0 0 0 
54 0 30 7 0 0 0 60 0 45 0 0 0 0 0 
6 54 41 27 0 0 39 12 0 55 23 0 0 0 0 
39 0 27 0 45 0 35 0 0 0 19 0 0 0 0 
49 0 59 0 0 0 12 0 28 0 0 23 0 59 10 

18 0 23 0 0 0 0 0 0 0 20 0 0 0 0 
25 15 0 17 25 0 0 24 16 21 0 0 0 0 0 
15 0 0 0 18 0 0 0 0 0 0 0 0 0 0 
23 0 25 0 16 0 0 0 0 0 0 20 25 0 24 
0 22 0 24 24 0 17 17 0 0 0 0 0 23 0 
0 0 0 0 16 0 0 0 0 0 0 24 22 0 0 
0 0 0 0 16 0 0 20 0 0 17 0 17 0 0 
0 0 19 0 0 16 0 0 0 21 20 0 0 22 0 
0 0 19 0 0 0 0 0 22 0 0 19 0 0 0 
17 0 0 0 0 0 0 0 0 0 24 0 22 0 0 
15 0 0 0 0 0 19 0 0 19 0 21 0 0 0 
16 0 20 25 0 0 0 16 0 24 0 0 0 0 0 
23 15 24 23 0 0 22 22 0 23 17 0 0 0 0 
15 0 16 0 24 0 17 0 0 0 17 0 0 0 0 
18 0 21 0 0 0 19 0 17 0 0 21 0 22 23 
