100 100 10 10
20
3 4 5 6 7 8 9 10 11 12 
4 3 4 5 6 7 8 9 10 11 
5 4 3 4 5 6 7 8 9 10 
6 5 4 3 4 5 6 7 8 9 
7 6 5 4 3 4 5 6 7 8 
8 7 6 5 4 3 4 5 6 7 
9 8 7 6 5 4 3 4 5 6 
10 9 8 7 6 5 4 3 4 5 
11 10 9 8 7 6 5 4 3 4 
12 11 10 9 8 7 6 5 4 3 

446 481 496 7
540 573 583 8
325 359 370 8
369 397 410 7
464 497 509 9
314 347 361 8
492 517 531 10
342 372 387 5
360 398 408 9
433 461 475 5
249 284 295 10
250 286 296 6
317 351 366 6
144 178 190 10
14 49 59 6
541 571 581 7
103 135 148 8
322 353 363 10
243 268 283 9
317 346 357 9
151 188 201 5
94 132 145 8
147 179 189 7
5 44 57 7
124 157 169 9
277 312 323 9
275 301 312 10
453 488 501 8
30 61 76 7
455 482 492 8
219 246 256 8
597 637 649 9
88 125 140 6
304 330 340 8
338 366 380 7
274 309 322 7
504 534 545 10
367 400 412 10
393 432 447 10
111 137 148 10
526 564 578 9
330 365 380 10
186 219 229 9
24 60 75 5
424 463 475 9
46 78 92 10
199 232 247 9
250 286 298 8
522 548 562 8
65 101 115 6
565 605 615 9
466 491 503 9
89 119 131 10
121 150 165 10
22 61 76 8
524 550 565 5
312 342 353 9
195 235 247 9
538 577 589 6
409 438 452 9
47 84 97 10
200 232 245 7
460 491 502 7
159 184 196 9
214 239 254 6
274 308 323 9
482 509 520 10
228 257 267 8
173 213 223 8
449 479 492 6
530 563 577 9
324 357 371 8
21 53 64 9
243 273 284 10
173 211 224 10
49 88 100 6
366 392 405 7
460 486 497 9
90 116 131 9
371 401 414 10
232 262 274 6
433 465 480 9
213 248 261 8
346 382 395 5
176 213 224 6
91 120 131 7
320 348 363 5
272 308 318 7
347 372 382 8
130 170 184 10
441 466 478 10
119 144 155 10
578 603 616 6
508 535 549 6
544 571 586 8
343 379 389 5
88 120 133 10
78 103 115 6
453 493 508 5
188 226 241 5
83 118 128 8
438 477 490 9
238 270 284 5
25 55 66 8
283 309 321 8
563 596 609 10
83 115 129 6
335 368 378 5
72 99 109 5
255 289 304 10
171 206 218 10
547 584 595 7
320 352 364 9
80 118 128 5
242 281 295 6
468 500 511 8
412 444 459 7
457 491 503 6
596 629 640 5
499 528 538 6
64 91 103 8
278 315 327 9
144 175 187 10
171 210 220 7
509 544 556 5
424 453 464 9
217 245 255 7
182 207 218 5
119 151 164 5
470 500 511 5
96 126 138 7
299 333 345 9
540 571 584 10
378 416 426 8
283 314 328 5
464 497 512 5
94 121 134 9
189 228 240 6
533 563 575 8
145 184 195 5
369 402 416 8
355 381 392 7
252 279 291 9
366 401 414 8
507 539 554 5
176 201 213 7
321 354 365 5
209 237 248 9
604 639 653 6
427 465 477 6
436 462 476 5
582 607 620 7
613 652 662 10
488 526 541 9
160 197 208 6
344 372 384 10
177 204 218 10
40 68 83 6
283 323 333 5
135 162 172 7
384 424 439 5
442 476 490 6
246 286 297 9
611 638 648 8
179 205 216 6
43 68 79 5
550 576 586 9
213 247 257 5
384 418 433 7
459 495 509 8
219 244 257 5
566 603 613 5
294 326 336 10
144 171 185 8
289 328 339 7
238 269 282 8
363 391 405 7
390 429 443 9
179 218 228 5
65 101 116 9
132 164 175 6
346 379 391 7
543 570 580 7
525 556 566 6
541 573 587 10
409 447 462 10
601 636 651 8
554 586 600 5
475 509 519 10
321 348 362 5
549 581 592 10
337 367 382 10
467 495 510 6
283 308 318 7
554 584 594 5
442 481 494 10
413 453 463 6
29 58 70 6
76 112 122 10
548 584 594 8

6 0 20 0 0 0 0 0 0 0 55 0 0 0 0 39 9 0 29 22 0 0 7 50 28 0 0 0 0 0 59 0 0 0 40 0 0 0 0 0 0 0 0 0 0 32 0 44 0 44 0 0 0 0 0 0 56 28 0 27 0 8 0 47 51 0 14 22 0 0 0 0 0 60 0 0 0 0 0 29 0 0 0 0 0 0 57 50 0 0 0 0 0 0 23 0 0 60 0 0 
10 0 34 0 0 0 0 47 0 0 28 0 0 0 24 23 0 0 49 0 0 0 9 0 0 0 0 0 52 0 0 13 0 0 0 16 0 0 0 0 0 0 0 0 0 6 0 25 0 0 41 0 0 0 0 0 54 0 0 14 0 31 0 0 0 54 0 30 7 0 0 0 60 0 45 0 0 0 0 0 6 54 41 27 0 0 39 12 0 55 23 0 0 0 0 39 0 27 0 45 
0 35 0 0 0 19 0 0 0 0 49 0 59 0 0 0 12 0 28 0 0 23 0 59 10 0 0 54 0 0 0 0 0 0 0 0 0 0 0 0 11 0 0 0 33 23 0 0 0 0 0 14 0 0 0 0 0 36 0 0 0 0 0 25 0 0 0 0 0 20 41 0 0 0 22 0 33 13 0 0 0 0 0 46 0 0 36 0 0 0 0 0 0 0 0 0 31 20 0 0 
0 0 52 0 0 0 47 0 30 16 0 0 0 59 0 0 0 0 0 0 0 0 0 0 43 0 58 0 0 0 0 0 0 0 0 0 0 0 49 0 48 0 0 0 8 0 43 0 53 0 0 0 0 0 53 54 0 0 49 9 57 0 0 0 0 0 0 0 0 0 0 0 47 0 0 22 6 0 26 0 0 0 0 43 0 31 0 54 21 0 0 0 0 0 0 0 31 0 25 25 
0 0 28 46 0 0 46 34 0 56 53 37 0 15 38 45 0 0 0 0 0 0 0 0 0 0 45 14 0 0 0 45 0 23 0 0 0 0 47 0 0 0 0 10 57 0 54 0 25 0 0 24 0 0 0 0 0 0 44 0 0 0 47 0 0 0 38 0 0 30 50 32 0 0 58 0 0 0 48 26 31 0 0 35 0 0 49 0 20 0 0 0 7 0 46 0 6 0 0 0 
35 38 57 23 16 0 0 0 17 0 0 0 0 0 0 0 17 0 0 0 0 0 0 0 14 0 0 48 0 31 31 0 0 45 7 10 0 0 0 0 0 0 0 0 0 60 0 0 0 0 60 0 0 0 0 0 31 12 55 0 0 0 0 0 0 0 0 0 0 0 0 0 0 0 0 22 6 43 0 0 0 0 38 0 53 0 0 0 0 9 19 54 21 0 0 0 25 0 54 0 
0 10 0 0 0 0 55 0 45 0 0 0 0 0 0 0 0 0 59 0 6 24 0 0 30 0 0 27 0 0 0 0 0 0 0 0 0 0 26 0 0 0 0 11 59 0 0 35 52 0 0 0 0 0 0 0 0 0 0 41 0 0 0 0 0 0 0 0 20 37 0 45 0 0 0 39 0 0 0 57 0 0 0 0 13 0 0 0 0 0 0 45 0 19 17 0 0 51 0 0 
36 0 0 58 0 0 0 0 32 0 0 18 0 0 21 37 49 0 0 0 0 0 43 0 37 56 0 53 44 0 52 12 59 0 0 0 0 0 43 0 0 0 0 0 0 0 37 0 52 0 0 0 57 0 0 0 0 0 13 0 0 0 0 0 0 0 0 0 0 25 0 0 0 31 41 0 0 23 51 0 0 0 22 8 6 0 49 0 0 42 0 0 0 9 7 0 0 0 7 0 
35 0 0 0 0 10 0 0 0 0 0 48 0 0 23 0 0 0 0 0 0 0 0 19 0 44 0 0 41 0 0 0 0 0 0 0 0 0 0 58 0 0 0 0 0 0 0 0 0 54 29 12 0 0 0 25 0 28 0 0 0 22 0 47 0 40 20 0 0 0 0 0 0 58 0 27 0 0 0 0 42 0 0 29 0 0 0 0 0 0 0 0 0 0 0 18 0 0 0 30 
0 0 38 0 0 44 50 22 24 0 47 0 0 0 0 0 0 6 0 0 0 0 18 42 0 21 0 50 0 17 0 0 13 49 27 0 0 0 52 0 0 0 0 0 0 40 0 49 0 0 0 18 0 0 0 0 9 0 0 10 0 39 0 0 0 21 0 0 0 0 0 0 0 0 41 0 30 0 0 20 21 56 0 16 0 0 0 0 0 0 55 0 0 20 19 59 6 0 0 0 
0 20 0 57 0 11 38 54 28 0 0 0 0 0 46 48 43 0 0 49 0 0 0 0 0 0 0 0 0 0 27 0 13 23 0 0 0 56 0 0 0 0 31 0 0 0 0 0 12 0 0 50 37 0 44 0 0 41 0 0 39 7 0 58 0 0 0 0 0 0 0 0 20 0 0 0 32 0 0 21 0 0 11 0 16 0 0 0 16 0 0 0 0 34 0 26 59 20 0 0 
0 0 0 0 0 0 23 0 35 16 0 0 0 0 0 45 0 23 0 0 0 0 14 0 0 0 23 0 0 0 0 8 0 0 0 0 15 13 0 0 0 0 0 0 42 0 0 0 0 0 0 0 0 20 0 8 0 0 0 0 0 30 0 0 0 34 0 0 0 0 0 39 52 0 0 54 0 0 0 59 39 0 0 0 41 0 51 0 10 58 11 18 0 0 40 10 0 58 0 0 
0 0 0 53 0 0 0 0 0 0 0 0 0 0 0 43 0 0 13 0 0 21 32 45 0 0 50 21 27 0 0 0 0 52 0 0 0 7 0 16 60 11 0 0 0 20 51 26 0 25 55 0 0 0 19 0 39 8 19 0 57 0 0 0 0 0 0 0 42 15 0 0 0 57 0 0 0 0 0 0 29 0 0 0 0 29 14 50 0 0 0 54 0 0 0 0 0 26 0 51 
0 0 0 0 0 0 0 40 35 7 0 0 0 0 0 7 0 18 0 0 0 43 0 32 0 0 0 0 0 0 0 0 0 0 59 0 0 42 0 57 0 27 41 45 0 0 0 19 0 0 0 0 17 52 25 0 25 22 20 0 0 0 26 15 33 52 0 39 0 55 0 0 0 46 56 0 0 0 0 26 0 0 0 0 0 0 54 0 22 18 47 41 0 0 44 0 0 0 60 12 
0 0 0 0 0 46 0 0 0 0 12 53 0 0 12 8 33 54 0 0 0 0 57 0 0 0 11 0 0 0 0 0 0 0 0 59 0 0 0 0 53 0 15 0 27 54 51 6 0 0 47 0 48 0 39 0 0 0 0 0 0 0 0 0 0 21 49 0 14 0 0 0 0 21 0 0 0 0 43 22 0 32 0 0 0 0 30 0 0 0 0 0 0 0 0 0 0 0 0 0 
0 0 0 39 32 24 26 0 0 0 0 55 0 27 20 0 0 0 44 47 0 25 57 0 0 16 0 0 0 0 33 0 0 0 0 0 0 0 0 0 0 46 40 0 0 0 0 0 27 0 26 0 0 19 0 14 0 45 28 52 51 0 21 0 0 0 0 0 15 0 0 0 9 0 40 46 0 0 0 0 50 49 21 0 0 0 0 50 0 0 41 0 43 49 0 0 0 0 27 0 
33 17 0 0 0 60 42 0 0 0 0 0 50 0 0 9 0 0 45 46 59 12 53 45 0 0 0 23 0 0 0 0 0 26 41 10 0 42 0 0 0 0 0 0 0 0 0 0 32 0 0 0 0 0 0 0 0 26 0 57 0 0 0 58 27 0 39 0 14 0 46 0 0 0 22 0 0 0 0 0 7 0 0 0 54 0 54 0 29 22 35 0 0 0 34 12 0 53 0 11 
30 0 0 50 0 0 37 51 0 0 12 0 0 0 0 41 0 0 45 0 0 0 0 0 0 0 0 0 0 26 0 47 59 0 0 0 0 0 0 0 0 0 0 0 0 0 0 32 47 30 11 41 36 0 0 0 32 0 0 0 10 0 0 42 0 14 0 0 0 53 48 0 0 15 35 0 0 0 9 0 0 7 0 0 0 0 0 34 17 0 0 0 0 0 0 0 0 0 53 0 
51 26 21 17 0 0 0 0 0 0 0 59 0 0 0 0 0 0 0 0 0 0 0 56 0 0 15 0 0 48 0 47 19 0 0 28 31 0 18 0 31 0 0 0 0 25 0 0 0 0 52 0 38 0 25 23 0 0 0 12 0 0 0 40 0 0 33 0 0 0 0 0 0 52 0 0 0 0 0 40 23 0 0 60 0 0 0 23 0 0 27 0 50 0 57 0 0 0 0 0 
0 42 49 39 0 0 0 12 0 0 0 0 0 0 0 14 0 0 16 0 0 0 50 0 0 31 0 50 21 0 0 0 0 0 0 0 0 0 0 45 0 9 0 0 0 0 0 9 0 0 0 0 0 0 0 0 0 0 33 42 0 47 0 34 0 0 27 0 7 31 0 0 0 0 0 43 0 0 0 0 0 0 0 0 17 8 0 0 0 25 0 0 0 0 0 47 54 57 0 0 
44 0 47 0 0 29 48 0 0 0 0 50 0 0 0 0 52 0 0 0 0 0 53 0 0 44 13 0 0 0 0 0 0 0 0 22 0 0 0 0 0 14 46 44 0 0 45 22 0 0 35 0 0 0 0 0 0 0 0 0 0 0 0 0 0 0 0 0 0 0 25 60 18 18 0 60 0 0 18 0 0 0 23 41 0 0 0 45 0 0 0 50 0 53 0 0 0 0 0 0 
35 46 0 0 0 0 0 0 0 0 0 0 0 0 0 59 0 6 0 0 0 16 23 23 0 0 0 51 0 0 0 0 0 0 0 20 0 0 0 0 0 0 0 0 54 0 0 0 0 39 0 28 0 12 0 0 0 0 0 0 0 0 28 0 0 0 0 0 53 50 25 0 39 15 0 0 0 30 0 39 0 28 0 0 49 0 33 0 13 0 0 0 13 0 0 0 0 0 59 32 
0 58 0 0 9 0 0 0 0 0 0 0 0 0 7 32 44 0 0 0 0 0 9 0 12 0 0 0 0 0 0 0 53 0 0 8 58 0 18 0 0 0 0 0 0 0 25 0 0 0 29 40 0 0 0 33 9 0 0 0 0 0 0 0 0 0 6 40 43 0 0 42 0 0 0 0 0 0 27 0 0 0 27 0 16 58 0 0 0 0 0 54 0 0 0 0 0 0 34 21 
0 0 0 0 0 41 0 0 0 23 0 51 0 0 0 38 0 8 0 0 38 0 0 0 0 0 0 0 0 19 0 0 0 0 0 0 0 0 31 0 0 0 0 0 0 0 0 0 0 0 60 0 0 0 0 0 14 0 28 0 25 41 0 0 0 0 0 0 0 0 0 48 0 0 0 16 28 0 0 51 23 0 0 0 37 0 28 12 0 11 55 0 0 0 0 53 0 0 0 0 
0 0 0 0 43 0 11 0 0 0 0 0 0 35 0 0 0 0 31 18 17 0 0 0 0 0 0 0 0 0 11 0 0 0 0 9 9 0 40 0 0 0 58 0 0 0 0 0 0 6 54 0 0 17 54 0 0 0 0 0 0 0 0 0 0 0 0 0 0 0 0 0 58 0 38 0 0 30 14 35 0 0 0 0 0 15 41 55 0 16 0 6 0 0 17 0 0 0 0 0 
0 0 35 0 0 0 0 0 31 0 0 0 0 0 0 36 37 59 0 0 46 0 55 0 0 0 0 10 0 56 0 7 0 0 0 0 0 0 0 0 56 11 11 47 0 25 0 0 0 0 9 0 0 10 0 51 0 56 15 33 0 0 0 0 0 0 23 0 0 9 16 0 0 0 14 0 0 0 16 0 0 36 0 0 0 35 0 53 28 0 0 0 0 0 0 0 0 0 14 0 
28 0 0 41 0 0 0 0 11 0 0 8 0 0 46 0 41 36 0 0 0 44 0 0 24 0 56 26 26 0 7 36 0 0 0 0 43 0 12 0 0 0 6 0 0 0 0 0 0 0 0 28 0 26 0 0 35 0 0 0 0 0 31 0 58 0 0 0 52 0 0 0 14 0 0 0 0 0 0 0 0 0 0 0 0 0 0 0 0 0 36 29 17 0 0 0 6 0 0 39 
0 25 0 0 0 42 0 0 0 48 60 31 0 0 0 0 0 0 17 0 0 0 0 9 0 0 0 0 0 0 0 0 59 40 44 32 0 50 33 0 20 0 0 0 0 0 0 0 0 55 33 0 0 0 0 0 0 45 0 0 0 0 48 56 0 0 0 43 6 0 0 0 52 0 16 0 0 0 0 39 0 0 0 0 0 0 0 30 0 0 0 0 0 0 39 25 0 0 0 0 
0 0 31 9 0 0 0 30 0 0 42 35 53 0 0 0 9 0 0 35 59 0 0 0 0 0 22 0 0 0 0 0 43 0 0 0 0 0 0 0 0 0 50 0 0 0 0 0 0 0 0 0 0 0 0 0 35 0 0 0 60 0 0 0 0 0 0 0 0 45 0 34 0 0 16 39 0 37 0 0 0 0 0 0 0 0 0 51 57 60 21 44 0 7 0 0 0 0 21 0 
57 0 0 0 0 0 0 39 0 0 41 0 54 32 45 0 26 0 0 0 0 0 0 53 45 0 43 0 27 0 0 0 45 12 51 0 23 0 0 39 0 35 0 38 0 0 55 39 40 0 0 0 0 0 0 0 0 0 0 21 0 0 10 0 0 0 0 46 0 0 0 0 17 0 0 0 0 0 0 0 0 0 0 0 0 0 37 8 0 0 0 0 0 0 0 0 0 43 0 0 
0 37 41 0 0 48 0 20 36 40 0 0 0 0 41 0 0 0 30 0 0 0 0 24 0 0 0 0 0 0 0 40 15 45 29 59 0 0 0 0 0 11 0 0 0 33 32 0 0 0 11 0 37 0 27 0 0 0 0 0 9 0 56 0 7 0 0 0 0 0 0 0 19 0 0 0 33 6 7 0 0 52 0 0 0 39 0 0 0 58 0 7 0 0 20 0 25 0 0 33 
0 0 0 0 0 0 31 0 0 0 0 0 0 0 49 56 43 0 0 22 0 16 0 0 16 0 0 0 34 0 0 0 0 0 0 0 0 17 0 40 0 0 0 0 0 20 0 0 0 0 0 0 0 0 38 16 0 7 10 8 0 48 56 0 25 0 0 18 15 0 0 30 0 0 34 31 0 0 0 0 0 0 29 0 0 0 24 0 53 0 0 0 0 31 0 0 0 0 0 0 
0 0 0 24 0 0 0 0 0 0 11 0 0 0 0 0 31 0 0 0 0 0 0 30 19 36 0 10 0 10 0 0 59 0 0 0 13 0 0 0 0 25 46 0 36 0 0 0 40 0 0 0 0 19 48 51 0 0 0 0 0 0 0 0 8 0 0 44 0 51 0 17 0 0 0 0 0 0 0 0 0 29 39 0 0 0 0 0 0 10 0 0 44 0 0 0 0 0 0 0 
0 6 28 35 33 28 0 0 0 0 33 31 0 0 0 0 29 0 0 39 0 0 11 0 0 0 0 42 0 22 0 0 0 33 17 0 39 0 0 0 0 0 0 0 53 0 0 0 0 0 0 0 0 7 0 27 0 0 0 0 32 0 0 25 58 29 0 0 7 0 0 14 25 0 33 0 0 0 9 31 0 23 42 0 0 0 0 0 0 0 54 0 0 0 0 0 0 0 19 0 
36 0 18 0 53 31 9 0 0 0 0 0 0 8 0 0 0 58 17 0 0 0 0 0 0 0 36 0 54 0 41 8 0 0 19 0 52 53 0 0 12 0 54 0 10 0 0 0 0 0 0 0 0 26 13 0 0 0 37 0 0 0 0 43 0 21 54 23 0 0 0 51 0 0 0 0 0 59 46 0 36 0 0 0 17 0 0 0 0 0 26 0 0 59 0 0 0 11 26 0 
0 0 47 50 0 0 0 0 18 0 0 0 0 0 0 0 0 0 0 0 0 0 35 0 0 11 0 0 23 0 8 0 0 0 44 0 0 0 14 0 48 0 0 0 0 0 13 0 0 0 0 0 0 0 0 0 0 0 0 57 0 0 0 0 12 0 0 8 0 0 52 58 0 0 0 0 0 0 0 0 0 0 0 7 40 0 0 20 0 0 0 0 0 0 0 0 0 0 0 14 
0 0 0 0 8 0 43 47 56 45 53 0 0 0 0 0 0 0 0 0 0 8 0 0 0 0 22 45 0 0 19 0 0 0 0 0 0 0 0 0 17 0 0 0 19 0 24 0 0 0 26 0 0 0 0 24 0 43 0 0 0 0 0 0 28 0 10 0 28 0 0 0 0 0 0 0 0 0 0 12 60 0 0 0 0 10 0 48 60 0 49 37 0 29 0 0 0 0 0 0 
0 0 52 25 37 16 0 0 47 0 0 0 0 0 0 0 0 0 0 0 0 0 0 0 0 0 0 0 0 24 9 40 15 54 0 39 0 0 35 18 11 0 0 0 0 0 0 0 0 0 0 0 15 0 0 7 0 0 59 0 0 0 0 0 11 0 33 0 45 0 51 0 0 0 0 19 0 0 53 0 0 39 21 0 0 0 0 0 45 0 0 0 37 0 7 30 30 0 0 0 
20 22 0 0 21 0 22 24 0 0 46 0 0 25 55 11 0 22 0 0 0 0 0 0 0 0 55 60 0 32 0 23 0 0 0 0 0 0 0 0 0 0 0 0 16 0 0 0 0 0 39 0 0 0 21 10 0 16 0 0 0 0 0 49 36 34 0 0 40 0 0 0 42 35 0 0 0 0 14 0 58 52 0 0 31 0 40 0 0 13 0 0 0 0 27 28 0 46 0 0 
0 0 0 0 0 0 20 0 0 0 0 13 0 0 0 35 0 52 48 0 0 0 0 34 60 0 16 0 35 0 0 0 0 0 9 46 45 0 0 0 0 7 0 0 26 20 0 0 0 39 0 33 23 0 0 0 42 48 41 0 0 14 0 0 0 0 0 0 50 0 0 7 10 0 22 0 0 45 0 11 0 0 0 0 0 53 0 0 37 0 39 8 19 0 0 57 0 0 0 0 
0 0 41 27 0 55 29 0 0 25 0 0 42 0 0 12 0 0 24 0 0 0 0 0 0 0 0 0 0 0 44 0 0 0 12 0 0 46 0 0 6 0 0 0 13 0 0 57 0 0 0 0 0 0 0 0 0 30 0 15 0 0 54 0 58 0 0 22 0 0 0 0 0 0 13 0 0 0 18 30 0 17 18 0 7 0 0 0 0 0 46 0 0 0 18 46 36 0 0 57 
0 47 12 20 0 0 29 7 0 0 0 0 0 38 14 0 0 60 0 0 37 0 0 0 0 0 0 0 41 0 0 39 0 0 0 0 0 0 0 0 25 31 0 0 0 41 0 0 45 0 0 0 27 54 0 0 0 0 0 0 0 0 0 0 0 53 0 0 0 0 50 0 0 0 0 0 51 0 0 0 0 0 0 0 0 27 51 0 51 0 0 0 0 0 0 11 51 59 0 0 
0 0 0 19 0 0 0 0 0 0 0 30 59 0 0 54 0 6 0 0 0 0 0 0 0 10 0 0 0 0 19 0 0 0 0 0 0 7 0 0 0 0 0 0 33 0 31 0 0 0 0 0 0 0 0 43 0 39 0 0 22 0 8 49 0 44 0 0 0 0 48 0 0 35 49 0 19 0 0 0 0 0 0 0 59 0 0 20 0 27 32 0 44 51 0 0 0 0 0 31 
0 0 0 0 37 0 0 55 16 0 0 32 36 14 0 0 0 0 18 0 0 0 0 0 0 37 0 0 0 0 0 0 0 0 15 0 47 0 0 50 0 0 14 0 0 0 60 0 0 0 16 32 0 0 0 29 53 0 0 0 0 53 51 0 0 43 0 16 32 0 0 0 0 0 0 0 0 0 0 22 0 12 0 0 0 0 32 0 0 0 24 0 0 0 0 0 47 13 0 0 
0 0 0 0 57 0 0 0 0 10 0 0 0 0 0 42 0 0 30 0 50 0 0 0 0 0 0 9 0 0 7 23 0 0 0 0 0 0 0 0 0 51 32 0 0 0 60 0 0 0 0 21 55 0 0 8 0 38 47 55 0 0 17 41 49 0 0 0 0 0 0 0 0 23 9 0 0 41 60 34 0 0 0 0 30 0 6 0 0 0 0 0 0 0 13 0 0 0 16 0 
0 17 0 0 0 0 19 0 49 19 53 0 0 0 0 0 0 0 0 0 33 0 0 9 42 0 0 46 15 0 31 0 9 0 0 0 0 34 0 0 0 0 0 0 42 45 0 0 0 0 0 50 34 27 0 0 6 0 0 0 0 0 0 0 48 19 0 60 0 0 0 0 0 42 40 0 0 0 0 24 0 0 29 0 0 10 46 0 0 44 0 0 0 16 0 0 0 20 8 43 
0 0 43 0 0 40 0 0 0 0 0 0 17 0 58 0 0 37 0 0 0 0 0 0 0 31 21 0 0 0 0 0 0 0 0 0 33 0 0 50 0 20 0 0 0 0 0 45 0 0 0 20 0 0 0 11 0 0 33 0 0 40 0 0 0 0 0 16 45 0 0 0 0 0 36 0 0 0 0 49 0 0 37 0 30 0 56 0 0 20 14 0 0 0 0 0 0 0 0 0 
0 11 58 0 0 0 0 0 0 0 0 50 0 0 0 0 0 0 34 0 0 0 0 46 0 0 0 0 0 0 0 0 60 0 0 0 24 0 0 0 0 0 0 0 0 0 0 0 0 0 0 0 0 0 44 59 0 0 0 53 0 0 0 0 0 11 0 0 0 0 0 0 0 49 0 44 60 0 0 0 0 0 38 25 0 12 0 0 0 0 0 0 0 0 0 51 0 31 27 0 
0 0 9 0 16 55 0 0 0 0 56 0 0 0 0 0 0 0 0 0 0 0 0 34 11 59 0 20 60 0 38 26 51 16 0 19 0 0 0 35 0 0 54 0 55 0 0 56 0 0 0 0 23 20 0 0 0 0 46 0 0 0 9 0 0 0 43 0 0 0 32 0 0 0 0 0 0 0 0 0 34 0 0 10 0 31 19 30 0 0 0 0 56 0 14 0 0 36 25 0 
0 30 0 28 27 28 41 0 44 0 0 0 0 25 39 0 0 0 21 0 9 0 33 44 0 0 0 0 0 0 0 0 28 59 0 0 17 0 0 0 38 0 27 0 0 0 52 29 0 0 0 0 53 0 0 0 0 0 0 0 0 41 0 0 0 0 0 50 53 0 0 0 14 43 0 0 41 0 0 0 0 0 0 0 0 17 0 0 0 60 0 0 22 0 22 32 0 16 44 0 
0 0 50 47 57 0 43 0 0 0 0 0 0 0 0 0 0 0 0 44 48 0 0 40 0 0 35 0 52 6 13 0 0 57 0 16 0 0 23 0 0 0 0 0 0 0 0 58 0 0 23 0 0 55 0 0 49 0 0 28 0 48 0 0 0 24 37 0 16 0 0 0 0 15 0 0 0 0 0 0 0 0 34 0 0 0 0 0 52 24 48 0 36 40 0 10 0 0 0 0 
13 0 37 0 0 0 0 0 0 0 0 0 59 0 0 0 0 0 0 0 0 0 25 0 56 17 0 0 0 0 0 0 0 21 0 58 0 42 46 23 53 0 0 0 21 11 0 27 0 0 0 0 0 0 15 0 0 0 0 0 0 9 0 0 0 0 0 0 0 0 0 17 0 0 0 0 8 0 39 0 0 0 0 0 29 0 0 22 0 37 35 0 24 32 42 16 0 34 0 0 
13 0 0 0 17 0 0 58 0 0 0 0 38 53 0 0 11 55 25 0 47 0 0 52 0 0 24 0 0 0 0 49 0 60 0 0 0 0 0 0 0 0 0 0 58 0 0 0 0 9 0 46 0 0 0 0 0 25 0 28 26 0 0 0 0 31 38 11 0 0 15 0 28 0 25 0 0 0 0 22 0 60 0 8 38 0 60 12 0 0 52 60 0 0 0 46 0 0 0 45 
48 45 0 18 0 0 0 0 0 0 0 0 0 21 0 0 0 0 0 45 0 0 0 20 38 0 0 48 0 0 0 0 0 0 48 0 47 0 12 53 30 0 56 30 0 0 37 0 0 14 0 34 0 0 0 0 0 0 0 0 0 0 39 0 0 0 0 55 0 21 0 0 0 24 0 0 0 0 0 16 0 0 35 0 52 0 10 0 0 0 56 49 0 0 23 42 0 55 0 0 
0 0 0 59 0 0 54 0 0 0 0 49 0 0 14 58 0 0 0 0 0 0 0 39 60 0 0 50 0 0 43 0 0 0 0 0 0 0 0 0 0 0 0 0 0 0 47 51 0 0 0 21 42 40 0 42 0 0 0 9 0 7 0 0 50 0 0 0 51 37 47 0 29 42 0 0 0 0 41 0 0 0 0 59 0 41 0 0 0 0 0 0 28 0 0 47 48 0 0 0 
0 0 0 0 0 12 0 0 0 0 19 0 0 0 0 0 6 0 51 0 0 0 0 0 0 0 0 0 0 0 56 0 0 0 0 23 0 59 16 38 29 0 0 30 0 19 0 46 0 0 18 0 0 0 0 23 25 27 0 12 0 0 59 0 0 0 0 44 0 0 0 0 0 15 0 0 0 6 0 0 53 0 0 0 11 0 32 0 0 0 0 22 0 59 0 16 0 0 32 20 
0 0 0 0 24 0 22 0 0 0 0 19 0 0 0 27 48 0 0 0 0 25 48 0 0 0 0 0 6 58 38 28 0 0 0 0 43 0 0 60 0 0 60 0 17 0 0 0 0 0 0 0 0 0 56 0 0 0 0 55 0 0 0 0 42 0 42 0 42 44 0 0 7 18 0 0 0 0 0 0 0 0 0 0 0 0 0 0 0 0 0 27 12 0 0 45 0 55 0 0 
0 0 0 0 0 24 32 0 22 18 0 0 35 0 12 0 0 0 30 0 0 0 0 0 0 28 0 0 0 14 36 0 37 22 0 0 0 0 0 0 0 33 0 0 0 36 0 0 0 0 52 0 0 23 0 0 0 0 0 53 0 0 43 26 24 0 0 0 0 0 39 0 0 19 0 0 0 0 0 0 28 0 0 0 32 58 0 0 0 0 0 0 38 0 34 0 0 0 0 30 
32 0 0 40 0 46 0 0 16 0 0 0 0 0 0 0 53 49 0 45 0 36 24 0 12 0 0 0 0 0 51 0 0 0 45 0 0 54 0 12 0 0 0 0 0 0 0 33 28 0 0 0 0 0 0 31 42 0 0 12 0 16 0 0 38 0 15 22 24 0 23 0 49 37 37 0 11 0 0 0 0 0 30 57 0 0 0 54 28 45 0 0 0 0 0 0 0 0 0 40 
0 0 0 0 0 41 0 0 0 0 39 0 23 0 0 0 14 23 0 0 0 34 0 0 0 0 0 36 0 0 0 0 27 15 45 0 15 0 29 0 0 39 0 0 0 0 24 0 0 0 0 0 0 18 0 0 0 0 0 0 0 0 0 29 0 0 0 0 47 51 0 36 31 16 0 53 0 0 0 0 57 11 0 0 15 0 0 0 0 0 31 0 0 0 0 0 7 0 0 24 
0 0 0 40 0 0 27 0 0 15 35 33 0 0 0 21 0 38 0 0 37 0 0 0 59 0 0 46 0 0 0 12 31 0 0 0 0 0 0 0 0 0 0 0 0 0 0 0 0 0 0 22 0 0 32 0 26 0 7 0 0 0 0 0 36 0 0 0 0 0 0 0 0 0 52 0 0 29 0 0 35 0 0 0 8 0 0 43 41 0 0 23 0 0 59 0 0 0 0 0 
0 32 0 0 0 0 0 0 0 0 0 0 0 19 0 24 0 0 0 0 0 56 0 0 0 0 0 17 0 0 0 0 0 0 0 19 0 0 0 0 0 0 0 0 0 0 47 0 0 0 0 0 0 0 0 0 0 0 45 24 19 0 0 0 19 0 38 41 29 0 0 25 45 0 0 0 0 0 0 14 22 0 41 29 0 46 0 0 23 10 0 0 21 0 0 12 0 0 0 0 
0 29 30 0 0 0 0 0 55 0 0 0 7 0 0 30 0 0 0 31 0 0 0 0 0 0 0 0 0 0 0 0 0 0 0 0 0 0 0 0 40 39 0 0 0 0 0 0 0 0 0 0 28 0 0 0 0 0 0 42 0 0 29 0 0 0 0 20 0 0 25 0 17 0 16 7 7 0 18 0 50 6 30 0 0 0 0 0 0 0 0 27 0 0 0 0 0 0 25 0 
0 44 25 0 0 0 0 0 27 0 0 13 0 0 0 53 0 0 53 33 16 15 60 38 27 0 0 0 0 0 0 0 58 0 0 0 0 0 0 0 16 0 0 0 0 0 0 0 0 0 0 0 15 54 9 0 0 27 0 0 0 33 0 0 11 0 0 0 0 43 0 0 0 0 0 0 0 0 0 0 0 37 0 0 0 50 0 0 0 0 0 0 0 0 0 0 0 0 0 12 
0 0 58 18 27 0 0 0 0 52 48 14 0 0 37 0 0 56 14 12 0 0 46 8 0 0 0 0 41 24 0 0 31 51 0 0 10 0 47 0 0 0 38 0 0 0 0 50 46 52 0 0 20 0 0 0 0 0 42 31 10 0 0 0 37 0 11 0 0 0 0 0 0 0 0 0 0 8 0 0 0 0 55 0 0 0 0 0 0 7 23 0 0 59 0 0 59 0 0 56 
0 33 0 45 28 0 50 25 0 14 0 10 20 0 0 0 0 0 0 23 0 0 0 60 24 0 0 0 0 0 19 17 0 23 0 0 53 0 0 0 0 0 0 0 35 11 0 0 0 0 0 0 0 53 22 0 0 10 0 0 54 0 0 0 0 0 0 38 0 0 19 58 0 0 53 8 0 53 0 0 0 0 36 0 0 26 29 0 0 27 53 58 14 0 0 34 25 0 0 0 
0 0 41 0 0 0 0 0 0 0 0 0 48 0 0 0 0 0 47 0 6 40 0 0 46 0 42 0 0 0 0 0 0 0 0 0 0 0 0 0 13 45 0 47 0 0 0 28 12 0 0 0 45 0 49 13 0 23 0 16 0 18 15 0 0 0 0 0 38 0 60 7 0 0 0 0 53 0 0 0 0 0 0 0 0 0 0 0 16 0 0 0 0 33 0 0 51 0 0 0 
0 0 13 0 0 0 28 41 60 0 28 54 0 7 0 0 0 35 0 0 47 30 0 0 39 0 56 18 0 50 0 41 0 12 55 30 0 0 31 0 0 0 0 19 0 0 0 30 57 0 0 0 0 0 0 0 52 0 0 0 0 0 0 0 0 26 12 0 0 0 0 0 0 0 0 0 0 0 0 0 0 15 0 0 7 12 0 0 0 51 0 0 0 0 0 0 0 0 0 18 
0 0 0 56 9 32 0 0 0 17 0 0 47 36 0 0 6 36 0 0 0 0 0 60 10 0 25 0 0 6 0 0 0 0 0 0 0 0 0 29 0 0 0 52 0 0 0 45 26 0 15 0 8 0 0 48 0 0 0 0 0 0 0 0 21 0 8 0 0 0 12 0 54 0 0 0 30 0 12 55 0 0 0 0 0 0 10 0 8 0 0 0 0 55 0 58 0 0 0 40 
0 0 0 0 48 20 10 0 0 0 0 48 49 0 0 0 0 0 23 9 37 0 0 0 0 0 35 47 0 56 0 28 0 47 41 0 0 0 0 0 0 0 0 0 0 0 0 0 18 28 58 0 50 16 0 0 0 28 0 0 0 17 0 0 0 0 0 0 0 0 0 0 54 25 0 29 36 56 0 0 0 0 0 34 0 0 0 0 38 40 0 0 0 60 42 41 0 0 0 0 
0 48 0 0 0 0 0 27 0 0 28 13 13 0 0 0 0 0 0 0 34 0 0 0 0 0 44 30 0 0 11 0 16 0 0 0 30 0 33 0 0 0 47 0 17 0 33 0 0 6 0 31 0 0 0 0 40 6 0 0 29 0 0 0 0 0 0 0 14 49 0 0 0 33 0 0 0 17 0 51 28 0 0 0 27 0 0 58 0 0 0 53 0 11 24 0 40 0 0 0 
0 0 0 0 0 0 49 0 0 0 0 13 31 0 38 14 7 0 0 31 0 0 50 0 57 0 0 0 0 0 0 14 0 0 0 0 0 26 0 16 0 0 46 0 0 0 0 0 0 37 0 22 54 0 32 0 0 0 15 0 0 0 0 37 0 0 0 0 0 0 42 0 14 0 0 32 0 0 0 0 0 42 0 0 0 0 60 0 0 0 0 27 0 0 0 41 0 0 0 0 
0 21 0 0 0 0 0 0 0 0 0 0 0 0 0 0 0 24 53 0 0 26 21 0 49 14 0 59 0 0 0 0 59 0 22 29 0 0 0 0 8 0 38 0 0 11 0 11 0 0 59 0 0 0 0 0 0 0 0 0 46 0 0 0 0 0 0 17 52 20 0 53 0 0 0 0 58 59 0 0 0 0 0 0 12 0 33 0 0 0 0 0 49 0 23 0 0 28 9 10 
11 53 30 0 0 6 0 0 0 0 0 0 0 52 6 0 0 0 0 39 54 28 0 0 0 0 46 45 0 39 25 0 0 52 39 0 0 0 0 0 0 21 0 0 10 0 0 0 0 41 0 0 0 58 0 28 0 0 0 0 0 0 0 31 0 0 0 0 0 0 40 0 34 0 0 0 0 0 0 0 0 0 0 0 0 0 23 0 0 0 0 0 0 31 38 0 34 0 37 27 
0 0 22 0 0 0 0 0 18 0 0 0 0 0 0 58 0 0 0 0 0 53 33 50 0 0 0 0 0 33 0 0 0 0 0 0 0 0 0 0 0 0 0 0 43 54 59 0 0 21 0 0 0 0 9 0 0 35 0 56 34 0 0 0 0 0 41 0 0 0 0 0 11 11 8 0 0 0 0 0 0 39 39 0 0 0 38 7 0 30 0 0 0 0 0 0 0 0 0 0 
0 0 0 0 6 0 35 0 0 0 0 22 0 0 24 0 0 0 0 27 0 0 14 0 0 44 0 0 0 0 60 40 47 36 0 31 0 0 0 0 0 52 0 0 0 0 0 0 0 0 59 0 43 22 0 0 0 0 0 0 0 0 44 42 0 0 0 0 0 0 0 0 0 0 0 33 17 21 0 0 0 0 0 34 49 0 0 40 9 0 0 0 0 0 21 0 0 25 0 12 
0 18 0 0 0 0 0 19 0 0 0 21 0 0 0 0 0 18 0 44 0 28 0 25 0 0 21 0 14 39 0 0 0 0 44 0 46 0 0 0 55 0 16 0 0 0 43 0 0 19 0 8 0 0 0 0 0 21 34 0 0 55 10 0 0 0 0 0 48 49 9 0 0 36 0 0 0 0 10 0 0 21 0 0 0 0 26 0 0 0 10 0 28 0 31 0 0 0 0 0 
59 0 0 0 0 58 0 0 0 0 58 0 13 0 15 0 0 0 45 0 41 0 20 0 0 0 0 0 0 0 0 0 0 0 49 41 0 28 0 0 0 39 0 0 54 12 13 0 45 0 0 0 0 0 0 23 23 0 0 0 15 0 20 0 0 0 28 0 29 0 0 0 0 0 0 37 0 0 47 38 0 0 0 0 0 0 0 19 0 41 0 20 42 0 0 60 0 9 40 0 
0 0 0 0 10 19 0 0 0 7 0 40 20 6 0 0 0 12 0 0 0 0 0 48 0 47 35 0 0 0 0 0 36 0 0 29 0 12 0 0 53 0 0 12 0 37 0 0 0 0 0 0 35 51 0 0 0 0 16 0 0 0 7 0 0 0 22 0 0 0 22 42 0 31 0 0 0 0 56 0 49 0 0 0 0 0 0 0 34 0 0 0 0 21 0 54 0 39 0 0 
0 0 49 0 33 0 0 11 0 0 0 12 0 0 0 0 0 43 0 0 0 17 23 0 0 0 0 9 0 0 36 0 57 25 25 0 0 48 0 0 0 0 0 0 0 0 0 0 0 0 0 0 39 20 0 0 55 0 0 0 0 48 0 0 0 34 0 0 0 36 58 0 0 0 0 0 0 0 0 0 0 0 0 44 0 48 0 0 0 18 42 33 51 49 0 10 0 0 0 0 
22 0 27 0 0 0 0 27 51 0 41 0 15 25 0 0 7 0 0 22 0 0 0 0 0 0 47 0 0 17 10 0 52 0 0 58 32 0 54 0 0 0 22 0 0 0 0 0 0 0 0 0 0 0 0 46 44 0 0 0 10 7 60 24 27 0 43 0 0 31 0 0 0 0 26 0 0 0 0 0 0 58 0 0 0 0 0 0 6 0 0 0 32 0 0 0 22 0 0 8 
0 19 0 41 54 0 29 0 0 0 23 0 38 0 0 0 9 48 0 0 13 29 59 12 0 0 21 0 53 26 0 0 0 0 0 18 0 0 0 0 0 0 0 13 0 0 0 8 39 0 10 0 0 0 0 0 0 37 0 0 59 0 0 31 0 8 56 0 0 0 0 37 40 0 28 41 55 0 0 0 0 0 52 0 26 0 0 14 0 60 0 26 33 0 0 0 0 0 0 0 
56 0 0 44 0 0 0 0 0 0 0 0 0 0 41 0 0 0 0 0 0 0 0 0 0 0 0 0 20 0 0 0 21 43 33 34 55 0 0 57 0 0 58 0 0 45 0 0 42 24 32 0 0 0 0 21 0 0 0 0 11 0 52 0 0 0 6 0 57 57 0 56 0 0 0 0 0 0 0 0 0 25 0 49 0 0 0 22 0 14 0 0 30 0 8 60 0 0 0 0 
0 44 0 0 0 0 17 0 19 0 0 0 40 21 0 18 0 0 53 0 0 0 0 0 0 0 0 0 0 0 0 19 0 41 0 0 0 0 0 0 0 0 11 0 0 47 0 22 0 13 0 31 0 0 0 0 0 15 39 0 0 52 56 49 0 0 0 48 0 0 0 0 0 19 42 36 0 0 0 0 49 0 27 0 0 0 0 44 0 49 0 22 0 0 53 0 0 0 0 0 
0 0 0 0 0 0 0 0 37 40 0 20 0 0 0 0 0 0 0 46 0 0 46 0 0 0 0 0 13 0 0 8 0 22 41 48 0 0 0 0 0 0 0 0 46 0 0 0 0 0 13 11 27 60 26 23 0 0 0 0 0 0 0 0 0 20 0 0 50 50 0 0 18 0 0 0 15 0 0 0 0 0 0 0 0 0 0 34 0 0 0 0 13 0 0 57 0 0 32 0 
0 0 0 0 0 0 0 0 0 59 0 23 37 29 0 22 0 0 38 32 0 0 43 0 0 58 0 0 56 14 56 0 0 0 0 0 16 0 0 11 0 31 0 0 0 0 18 54 0 0 0 35 0 40 11 0 0 0 28 0 45 0 0 0 0 35 0 0 41 51 0 0 0 48 0 32 0 0 13 0 0 12 47 0 0 40 38 0 0 0 53 0 0 42 0 17 0 0 14 39 
0 0 0 0 0 0 58 0 0 0 0 0 0 0 27 0 0 33 0 0 0 49 0 0 55 17 0 0 0 0 0 26 0 0 0 0 0 27 0 0 15 0 0 0 13 45 60 0 60 31 0 0 0 24 6 0 0 0 0 0 58 0 0 24 34 0 54 26 0 0 12 0 0 0 0 16 0 16 18 0 0 16 0 0 0 0 0 41 0 0 0 0 30 0 7 0 0 9 15 0 
0 0 24 0 0 0 37 0 0 0 0 0 0 0 0 13 0 0 0 0 45 0 0 0 0 0 0 0 57 0 0 0 0 43 53 0 0 0 0 0 39 0 10 0 0 20 0 0 0 22 0 57 35 0 46 0 26 0 35 0 13 0 11 0 8 0 41 0 59 50 0 16 0 36 57 0 0 49 0 0 44 0 13 31 13 54 0 0 8 0 0 8 0 0 0 0 50 48 34 0 
0 30 0 23 33 0 0 0 0 22 8 0 0 0 28 0 10 36 0 11 0 13 59 0 0 0 0 0 19 0 0 0 0 0 0 0 0 37 0 0 0 0 0 50 0 0 0 12 0 0 46 0 0 0 0 8 0 0 0 0 0 0 0 0 51 0 0 0 0 0 0 0 0 0 0 0 0 0 0 0 0 0 0 50 0 0 0 19 0 0 32 0 0 17 29 56 15 0 0 0 
0 0 0 0 13 0 0 0 41 34 0 0 0 0 0 0 0 42 40 16 59 17 41 0 60 0 0 30 0 0 13 0 0 16 22 0 35 0 0 0 0 34 0 0 59 0 0 0 29 0 0 17 0 0 0 50 0 0 51 56 0 0 0 21 10 0 56 0 0 17 37 23 0 18 0 26 0 0 0 0 0 0 8 0 0 41 0 0 0 0 0 0 9 0 18 33 0 0 0 0 
0 0 15 0 36 40 0 0 0 0 0 0 11 0 0 0 0 0 0 0 0 0 0 0 0 0 0 0 19 0 0 0 0 0 0 0 10 0 0 40 0 0 0 0 58 0 0 42 0 0 0 30 0 0 60 0 47 0 0 0 0 0 0 0 7 40 0 60 0 0 43 0 0 0 0 0 43 0 19 0 0 0 0 44 0 0 0 0 0 0 0 0 0 0 16 0 34 13 0 0 
0 36 58 21 0 0 0 0 0 0 14 0 34 0 23 0 0 58 40 39 0 30 55 0 0 0 0 29 0 0 12 0 0 0 0 0 16 0 0 0 0 9 0 0 0 0 0 45 60 14 0 28 53 0 0 0 0 49 15 0 54 0 39 0 0 0 59 0 0 22 0 0 39 0 0 0 0 0 0 0 0 45 0 0 0 0 0 0 30 0 19 0 0 0 0 0 45 0 0 0 
0 0 54 53 59 0 25 0 0 0 0 0 0 0 0 0 58 30 0 25 0 0 12 0 0 44 11 0 0 29 21 0 0 60 0 0 0 0 0 0 0 0 0 39 0 0 0 22 0 0 0 36 0 0 0 14 0 0 0 0 0 0 0 0 41 0 53 0 0 0 0 0 10 0 7 0 0 0 0 0 0 0 46 18 0 0 0 0 0 0 0 0 0 0 0 0 0 33 24 32 
0 0 0 30 48 0 0 10 43 27 51 0 24 56 25 26 0 0 0 0 0 0 0 0 0 28 13 26 0 0 0 0 0 0 15 0 0 0 0 0 0 0 0 0 0 0 38 0 58 56 0 57 0 0 0 0 0 0 0 0 0 0 0 0 0 0 0 24 0 0 0 0 0 0 0 0 0 0 59 0 0 0 0 0 0 45 0 12 0 0 0 23 14 0 0 0 0 0 0 0 
0 14 0 0 0 0 0 0 38 14 47 50 0 0 8 0 0 0 18 0 0 50 0 0 0 0 0 0 0 0 0 31 33 43 0 0 0 0 0 0 0 28 0 0 0 6 0 0 52 0 0 0 47 0 0 0 0 0 0 0 20 23 57 0 0 0 21 9 14 0 0 0 0 0 0 0 0 0 0 0 0 18 0 0 0 0 0 0 13 0 24 0 0 45 0 46 12 0 23 0 
0 0 0 31 0 0 0 0 0 0 0 0 0 0 0 0 0 0 31 39 0 24 0 0 60 0 60 57 50 20 51 0 12 0 0 29 0 0 26 59 0 0 0 0 16 42 27 0 0 0 0 0 0 0 41 0 0 0 0 0 0 58 0 38 0 0 0 0 0 0 28 0 27 0 0 0 0 0 0 60 45 42 0 0 0 0 0 48 0 0 0 0 0 38 0 55 0 7 0 0 
0 14 0 37 0 0 0 50 0 0 53 0 15 0 12 21 21 9 36 9 0 0 0 21 0 0 10 0 0 40 0 0 0 0 0 0 0 0 0 0 60 57 30 0 19 43 0 0 15 0 0 0 0 0 0 0 42 40 0 0 32 0 27 0 0 0 0 0 0 0 24 0 28 0 0 0 0 0 0 0 14 0 11 30 0 0 49 0 0 0 0 0 0 0 0 0 20 0 0 0 
0 0 0 0 30 0 0 0 44 0 0 0 0 0 0 0 0 50 27 26 6 0 53 0 6 23 0 0 0 8 0 0 8 0 0 0 0 0 47 0 0 0 0 0 0 16 42 0 0 0 0 0 0 0 0 0 0 0 31 0 0 0 31 29 0 0 0 0 0 37 0 0 0 35 0 0 0 0 0 0 0 0 0 0 0 0 0 0 36 0 0 0 0 15 31 51 0 0 0 0 
0 18 0 42 0 0 0 0 0 0 0 26 0 0 31 50 54 0 41 58 0 56 0 31 0 0 0 0 57 0 43 19 0 0 10 0 0 26 20 0 0 0 0 0 0 0 0 58 29 0 0 0 0 0 46 49 0 11 0 0 0 0 0 34 43 0 0 0 0 38 0 0 0 0 0 24 0 0 0 0 33 0 0 0 0 33 0 0 9 0 59 56 31 31 0 0 0 0 0 0 
0 43 21 13 56 0 0 0 0 39 0 0 0 28 0 0 10 35 0 19 27 0 41 0 0 0 0 0 0 0 0 0 0 0 0 0 22 0 0 0 0 0 0 0 0 0 0 31 0 0 0 0 46 53 0 0 0 28 0 27 50 0 0 37 50 17 32 0 0 59 42 0 14 0 14 0 47 0 22 0 60 23 28 16 15 0 0 0 7 0 0 11 33 9 0 0 0 18 0 0 

18 0 23 0 0 0 0 0 0 0 20 0 0 0 0 25 15 0 17 25 0 0 24 16 21 0 0 0 0 0 15 0 0 0 18 0 0 0 0 0 0 0 0 0 0 23 0 25 0 16 0 0 0 0 0 0 20 25 0 24 0 22 0 24 24 0 17 17 0 0 0 0 0 23 0 0 0 0 0 16 0 0 0 0 0 0 24 22 0 0 0 0 0 0 16 0 0 20 0 0 
17 0 17 0 0 0 0 19 0 0 16 0 0 0 21 20 0 0 22 0 0 0 19 0 0 0 0 0 22 0 0 19 0 0 0 17 0 0 0 0 0 0 0 0 0 24 0 22 0 0 15 0 0 0 0 0 19 0 0 19 0 21 0 0 0 16 0 20 25 0 0 0 16 0 24 0 0 0 0 0 23 15 24 23 0 0 22 22 0 23 17 0 0 0 0 15 0 16 0 24 
0 17 0 0 0 17 0 0 0 0 18 0 21 0 0 0 19 0 17 0 0 21 0 22 23 0 0 24 0 0 0 0 0 0 0 0 0 0 0 0 18 0 0 0 17 17 0 0 0 0 0 23 0 0 0 0 0 24 0 0 0 0 0 16 0 0 0 0 0 19 20 0 0 0 23 0 25 25 0 0 0 0 0 24 0 0 23 0 0 0 0 0 0 0 0 0 20 18 0 0 
0 0 18 0 0 0 19 0 20 15 0 0 0 19 0 0 0 0 0 0 0 0 0 0 18 0 22 0 0 0 0 0 0 0 0 0 0 0 15 0 20 0 0 0 25 0 25 0 19 0 0 0 0 0 25 15 0 0 15 25 21 0 0 0 0 0 0 0 0 0 0 0 20 0 0 22 19 0 16 0 0 0 0 19 0 25 0 22 17 0 0 0 0 0 0 0 24 0 24 17 
0 0 21 17 0 0 15 15 0 25 18 17 0 17 22 18 0 0 0 0 0 0 0 0 0 0 22 19 0 0 0 24 0 24 0 0 0 0 21 0 0 0 0 22 23 0 15 0 16 0 0 23 0 0 0 0 0 0 15 0 0 0 18 0 0 0 15 0 0 22 18 25 0 0 22 0 0 0 25 22 22 0 0 20 0 0 21 0 15 0 0 0 24 0 24 0 19 0 0 0 
25 15 23 16 24 0 0 0 15 0 0 0 0 0 0 0 17 0 0 0 0 0 0 0 15 0 0 17 0 16 23 0 0 23 21 23 0 0 0 0 0 0 0 0 0 15 0 0 0 0 21 0 0 0 0 0 19 25 25 0 0 0 0 0 0 0 0 0 0 0 0 0 0 0 0 15 17 25 0 0 0 0 17 0 18 0 0 0 0 15 15 25 23 0 0 0 15 0 24 0 
0 22 0 0 0 0 19 0 24 0 0 0 0 0 0 0 0 0 18 0 22 16 0 0 17 0 0 18 0 0 0 0 0 0 0 0 0 0 19 0 0 0 0 23 17 0 0 24 22 0 0 0 0 0 0 0 0 0 0 18 0 0 0 0 0 0 0 0 21 18 0 22 0 0 0 16 0 0 0 20 0 0 0 0 21 0 0 0 0 0 0 24 0 22 23 0 0 20 0 0 
24 0 0 25 0 0 0 0 16 0 0 23 0 0 19 21 17 0 0 0 0 0 25 0 17 20 0 17 20 0 25 19 19 0 0 0 0 0 19 0 0 0 0 0 0 0 17 0 25 0 0 0 17 0 0 0 0 0 19 0 0 0 0 0 0 0 0 0 0 22 0 0 0 20 25 0 0 25 22 0 0 0 15 21 23 0 20 0 0 25 0 0 0 24 18 0 0 0 25 0 
20 0 0 0 0 17 0 0 0 0 0 21 0 0 25 0 0 0 0 0 0 0 0 15 0 24 0 0 19 0 0 0 0 0 0 0 0 0 0 22 0 0 0 0 0 0 0 0 0 24 20 17 0 0 0 22 0 24 0 0 0 21 0 23 0 22 24 0 0 0 0 0 0 16 0 25 0 0 0 0 20 0 0 22 0 0 0 0 0 0 0 0 0 0 0 19 0 0 0 24 
0 0 18 0 0 22 18 20 17 0 19 0 0 0 0 0 0 23 0 0 0 0 20 19 0 25 0 22 0 22 0 0 18 16 17 0 0 0 17 0 0 0 0 0 0 22 0 23 0 0 0 21 0 0 0 0 18 0 0 15 0 25 0 0 0 23 0 0 0 0 0 0 0 0 17 0 18 0 0 23 22 19 0 24 0 0 0 0 0 0 23 0 0 20 17 20 20 0 0 0 
0 15 0 17 0 18 19 18 19 0 0 0 0 0 19 23 17 0 0 24 0 0 0 0 0 0 0 0 0 0 25 0 25 20 0 0 0 24 0 0 0 0 19 0 0 0 0 0 18 0 0 17 25 0 20 0 0 20 0 0 16 20 0 18 0 0 0 0 0 0 0 0 16 0 0 0 23 0 0 15 0 0 20 0 16 0 0 0 18 0 0 0 0 25 0 22 21 17 0 0 
0 0 0 0 0 0 20 0 24 21 0 0 0 0 0 22 0 22 0 0 0 0 18 0 0 0 20 0 0 0 0 24 0 0 0 0 19 23 0 0 0 0 0 0 25 0 0 0 0 0 0 0 0 18 0 18 0 0 0 0 0 23 0 0 0 15 0 0 0 0 0 19 18 0 0 16 0 0 0 23 18 0 0 0 17 0 22 0 18 19 25 20 0 0 23 18 0 21 0 0 
0 0 0 16 0 0 0 0 0 0 0 0 0 0 0 24 0 0 16 0 0 16 22 23 0 0 19 20 22 0 0 0 0 19 0 0 0 17 0 19 16 25 0 0 0 24 15 15 0 20 25 0 0 0 19 0 15 20 23 0 24 0 0 0 0 0 0 0 19 17 0 0 0 18 0 0 0 0 0 0 22 0 0 0 0 22 17 19 0 0 0 23 0 0 0 0 0 22 0 19 
0 0 0 0 0 0 0 21 20 23 0 0 0 0 0 19 0 21 0 0 0 17 0 15 0 0 0 0 0 0 0 0 0 0 24 0 0 21 0 15 0 20 24 22 0 0 0 23 0 0 0 0 19 15 24 0 19 21 24 0 0 0 20 24 24 15 0 20 0 20 0 0 0 22 24 0 0 0 0 23 0 0 0 0 0 0 20 0 23 25 20 16 0 0 23 0 0 0 22 20 
0 0 0 0 0 24 0 0 0 0 21 23 0 0 18 24 20 23 0 0 0 0 25 0 0 0 19 0 0 0 0 0 0 0 0 18 0 0 0 0 24 0 19 0 19 16 16 24 0 0 25 0 19 0 17 0 0 0 0 0 0 0 0 0 0 18 18 0 17 0 0 0 0 25 0 0 0 0 19 15 0 15 0 0 0 0 18 0 0 0 0 0 0 0 0 0 0 0 0 0 
0 0 0 19 21 19 25 0 0 0 0 17 0 21 18 0 0 0 21 19 0 18 23 0 0 24 0 0 0 0 24 0 0 0 0 0 0 0 0 0 0 24 23 0 0 0 0 0 20 0 23 0 0 21 0 18 0 23 22 16 21 0 23 0 0 0 0 0 22 0 0 0 15 0 18 25 0 0 0 0 21 17 24 0 0 0 0 24 0 0 18 0 23 18 0 0 0 0 16 0 
19 18 0 0 0 22 25 0 0 0 0 0 25 0 0 22 0 0 18 17 21 22 25 18 0 0 0 24 0 0 0 0 0 23 17 18 0 19 0 0 0 0 0 0 0 0 0 0 24 0 0 0 0 0 0 0 0 16 0 19 0 0 0 25 16 0 17 0 24 0 16 0 0 0 21 0 0 0 0 0 18 0 0 0 21 0 24 0 21 17 22 0 0 0 20 16 0 23 0 23 
23 0 0 25 0 0 18 23 0 0 19 0 0 0 0 16 0 0 19 0 0 0 0 0 0 0 0 0 0 18 0 20 25 0 0 0 0 0 0 0 0 0 0 0 0 0 0 23 21 21 24 23 15 0 0 0 21 0 0 0 25 0 0 18 0 22 0 0 0 21 22 0 0 23 21 0 0 0 25 0 0 23 0 0 0 0 0 24 25 0 0 0 0 0 0 0 0 0 19 0 
20 16 17 18 0 0 0 0 0 0 0 22 0 0 0 0 0 0 0 0 0 0 0 22 0 0 22 0 0 25 0 15 20 0 0 24 24 0 22 0 16 0 0 0 0 24 0 0 0 0 25 0 25 0 20 22 0 0 0 15 0 0 0 15 0 0 23 0 0 0 0 0 0 19 0 0 0 0 0 22 20 0 0 15 0 0 0 21 0 0 21 0 25 0 15 0 0 0 0 0 
0 20 22 21 0 0 0 17 0 0 0 0 0 0 0 25 0 0 20 0 0 0 15 0 0 16 0 20 18 0 0 0 0 0 0 0 0 0 0 19 0 25 0 0 0 0 0 16 0 0 0 0 0 0 0 0 0 0 15 15 0 25 0 25 0 0 25 0 21 22 0 0 0 0 0 23 0 0 0 0 0 0 0 0 21 16 0 0 0 15 0 0 0 0 0 16 16 17 0 0 
15 0 20 0 0 17 22 0 0 0 0 23 0 0 0 0 25 0 0 0 0 0 21 0 0 23 23 0 0 0 0 0 0 0 0 16 0 0 0 0 0 22 15 15 0 0 22 23 0 0 20 0 0 0 0 0 0 0 0 0 0 0 0 0 0 0 0 0 0 0 19 23 23 19 0 25 0 0 21 0 0 0 25 25 0 0 0 17 0 0 0 25 0 15 0 0 0 0 0 0 
23 24 0 0 0 0 0 0 0 0 0 0 0 0 0 24 0 17 0 0 0 24 16 25 0 0 0 21 0 0 0 0 0 0 0 20 0 0 0 0 0 0 0 0 18 0 0 0 0 15 0 20 0 15 0 0 0 0 0 0 0 0 18 0 0 0 0 0 25 17 16 0 18 16 0 0 0 19 0 21 0 20 0 0 21 0 18 0 21 0 0 0 25 0 0 0 0 0 20 25 
0 19 0 0 25 0 0 0 0 0 0 0 0 0 18 25 17 0 0 0 0 0 21 0 16 0 0 0 0 0 0 0 22 0 0 22 25 0 24 0 0 0 0 0 0 0 19 0 0 0 22 22 0 0 0 22 20 0 0 0 0 0 0 0 0 0 16 15 21 0 0 21 0 0 0 0 0 0 19 0 0 0 15 0 22 21 0 0 0 0 0 24 0 0 0 0 0 0 17 25 
0 0 0 0 0 21 0 0 0 21 0 15 0 0 0 15 0 22 0 0 23 0 0 0 0 0 0 0 0 17 0 0 0 0 0 0 0 0 15 0 0 0 0 0 0 0 0 0 0 0 17 0 0 0 0 0 17 0 19 0 15 22 0 0 0 0 0 0 0 0 0 24 0 0 0 18 18 0 0 24 23 0 0 0 25 0 16 19 0 19 21 0 0 0 0 16 0 0 0 0 
0 0 0 0 22 0 19 0 0 0 0 0 0 24 0 0 0 0 25 24 24 0 0 0 0 0 0 0 0 0 19 0 0 0 0 18 25 0 22 0 0 0 17 0 0 0 0 0 0 21 19 0 0 15 15 0 0 0 0 0 0 0 0 0 0 0 0 0 0 0 0 0 17 0 24 0 0 15 25 23 0 0 0 0 0 16 21 24 0 16 0 24 0 0 21 0 0 0 0 0 
0 0 19 0 0 0 0 0 20 0 0 0 0 0 0 15 22 21 0 0 24 0 23 0 0 0 0 16 0 18 0 22 0 0 0 0 0 0 0 0 22 17 17 15 0 16 0 0 0 0 19 0 0 17 0 17 0 22 21 25 0 0 0 0 0 0 18 0 0 23 16 0 0 0 15 0 0 0 24 0 0 20 0 0 0 22 0 15 25 0 0 0 0 0 0 0 0 0 18 0 
17 0 0 23 0 0 0 0 16 0 0 17 0 0 20 0 15 18 0 0 0 19 0 0 18 0 23 16 21 0 25 23 0 0 0 0 17 0 17 0 0 0 22 0 0 0 0 0 0 0 0 16 0 23 0 0 17 0 0 0 0 0 23 0 23 0 0 0 23 0 0 0 18 0 0 0 0 0 0 0 0 0 0 0 0 0 0 0 0 0 19 22 20 0 0 0 22 0 0 15 
0 20 0 0 0 19 0 0 0 15 22 23 0 0 0 0 0 0 15 0 0 0 0 23 0 0 0 0 0 0 0 0 19 17 22 21 0 17 20 0 17 0 0 0 0 0 0 0 0 24 25 0 0 0 0 0 0 15 0 0 0 0 17 23 0 0 0 22 19 0 0 0 23 0 19 0 0 0 0 24 0 0 0 0 0 0 0 23 0 0 0 0 0 0 20 16 0 0 0 0 
0 0 17 21 0 0 0 23 0 0 18 22 25 0 0 0 24 0 0 20 16 0 0 0 0 0 24 0 0 0 0 0 21 0 0 0 0 0 0 0 0 0 15 0 0 0 0 0 0 0 0 0 0 0 0 0 16 0 0 0 20 0 0 0 0 0 0 0 0 19 0 15 0 0 17 20 0 21 0 0 0 0 0 0 0 0 0 23 20 24 23 25 0 16 0 0 0 0 23 0 
21 0 0 0 0 0 0 19 0 0 22 0 19 24 18 0 24 0 0 0 0 0 0 15 17 0 18 0 16 0 0 0 23 19 17 0 22 0 0 17 0 21 0 21 0 0 20 19 25 0 0 0 0 0 0 0 0 0 0 21 0 0 19 0 0 0 0 19 0 0 0 0 19 0 0 0 0 0 0 0 0 0 0 0 0 0 21 23 0 0 0 0 0 0 0 0 0 20 0 0 
0 15 22 0 0 21 0 18 15 25 0 0 0 0 23 0 0 0 24 0 0 0 0 23 0 0 0 0 0 0 0 23 20 24 19 19 0 0 0 0 0 19 0 0 0 25 22 0 0 0 19 0 17 0 25 0 0 0 0 0 25 0 24 0 18 0 0 0 0 0 0 0 16 0 0 0 22 22 18 0 0 16 0 0 0 25 0 0 0 17 0 24 0 0 25 0 21 0 0 19 
0 0 0 0 0 0 17 0 0 0 0 0 0 0 25 21 25 0 0 25 0 23 0 0 16 0 0 0 21 0 0 0 0 0 0 0 0 25 0 24 0 0 0 0 0 18 0 0 0 0 0 0 0 0 24 23 0 16 25 24 0 24 19 0 24 0 0 19 24 0 0 17 0 0 19 20 0 0 0 0 0 0 19 0 0 0 22 0 23 0 0 0 0 16 0 0 0 0 0 0 
0 0 0 22 0 0 0 0 0 0 25 0 0 0 0 0 20 0 0 0 0 0 0 22 21 15 0 21 0 18 0 0 25 0 0 0 24 0 0 0 0 24 18 0 18 0 0 0 20 0 0 0 0 17 15 22 0 0 0 0 0 0 0 0 23 0 0 18 0 15 0 15 0 0 0 0 0 0 0 0 0 20 15 0 0 0 0 0 0 18 0 0 15 0 0 0 0 0 0 0 
0 19 20 16 18 23 0 0 0 0 18 20 0 0 0 0 21 0 0 19 0 0 23 0 0 0 0 16 0 22 0 0 0 19 19 0 18 0 0 0 0 0 0 0 25 0 0 0 0 0 0 0 0 22 0 16 0 0 0 0 15 0 0 17 23 23 0 0 24 0 0 21 21 0 21 0 0 0 16 15 0 24 22 0 0 0 0 0 0 0 18 0 0 0 0 0 0 0 16 0 
17 0 18 0 23 19 16 0 0 0 0 0 0 20 0 0 0 24 17 0 0 0 0 0 0 0 25 0 16 0 21 22 0 0 15 0 22 22 0 0 19 0 16 0 19 0 0 0 0 0 0 0 0 19 21 0 0 0 16 0 0 0 0 24 0 16 16 23 0 0 0 19 0 0 0 0 0 19 18 0 19 0 0 0 22 0 0 0 0 0 20 0 0 25 0 0 0 19 19 0 
0 0 25 20 0 0 0 0 23 0 0 0 0 0 0 0 0 0 0 0 0 0 19 0 0 15 0 0 16 0 19 0 0 0 23 0 0 0 15 0 20 0 0 0 0 0 22 0 0 0 0 0 0 0 0 0 0 0 0 19 0 0 0 0 24 0 0 25 0 0 19 15 0 0 0 0 0 0 0 0 0 0 0 15 25 0 0 17 0 0 0 0 0 0 0 0 0 0 0 21 
0 0 0 0 18 0 23 23 21 17 25 0 0 0 0 0 0 0 0 0 0 15 0 0 0 0 22 18 0 0 18 0 0 0 0 0 0 0 0 0 15 0 0 0 15 0 17 0 0 0 18 0 0 0 0 21 0 17 0 0 0 0 0 0 18 0 20 0 15 0 0 0 0 0 0 0 0 0 0 25 24 0 0 0 0 15 0 24 25 0 22 23 0 23 0 0 0 0 0 0 
0 0 24 23 21 23 0 0 23 0 0 0 0 0 0 0 0 0 0 0 0 0 0 0 0 0 0 0 0 18 19 15 23 18 0 23 0 0 22 20 20 0 0 0 0 0 0 0 0 0 0 0 23 0 0 18 0 0 16 0 0 0 0 0 20 0 19 0 20 0 21 0 0 0 0 22 0 0 20 0 0 20 20 0 0 0 0 0 19 0 0 0 24 0 20 24 15 0 0 0 
16 19 0 0 20 0 16 18 0 0 23 0 0 20 20 22 0 15 0 0 0 0 0 0 0 0 16 18 0 25 0 23 0 0 0 0 0 0 0 0 0 0 0 0 16 0 0 0 0 0 23 0 0 0 21 24 0 22 0 0 0 0 0 15 16 25 0 0 24 0 0 0 22 15 0 0 0 0 24 0 25 20 0 0 16 0 16 0 0 23 0 0 0 0 20 23 0 19 0 0 
0 0 0 0 0 0 25 0 0 0 0 23 0 0 0 18 0 25 16 0 0 0 0 21 18 0 24 0 18 0 0 0 0 0 18 25 15 0 0 0 0 23 0 0 16 15 0 0 0 15 0 22 16 0 0 0 16 16 24 0 0 24 0 0 0 0 0 0 17 0 0 25 22 0 18 0 0 17 0 19 0 0 0 0 0 25 0 0 19 0 19 23 25 0 0 21 0 0 0 0 
0 0 22 18 0 16 21 0 0 23 0 0 18 0 0 17 0 0 16 0 0 0 0 0 0 0 0 0 0 0 20 0 0 0 19 0 0 20 0 0 22 0 0 0 17 0 0 17 0 0 0 0 0 0 0 0 0 15 0 15 0 0 25 0 19 0 0 24 0 0 0 0 0 0 18 0 0 0 21 18 0 21 16 0 21 0 0 0 0 0 19 0 0 0 18 20 25 0 0 17 
0 24 22 20 0 0 17 20 0 0 0 0 0 15 25 0 0 15 0 0 23 0 0 0 0 0 0 0 15 0 0 23 0 0 0 0 0 0 0 0 19 22 0 0 0 24 0 0 17 0 0 0 19 24 0 0 0 0 0 0 0 0 0 0 0 21 0 0 0 0 25 0 0 0 0 0 24 0 0 0 0 0 0 0 0 20 15 0 23 0 0 0 0 0 0 25 17 15 0 0 
0 0 0 23 0 0 0 0 0 0 0 24 21 0 0 25 0 20 0 0 0 0 0 0 0 16 0 0 0 0 17 0 0 0 0 0 0 23 0 0 0 0 0 0 16 0 23 0 0 0 0 0 0 0 0 15 0 17 0 0 20 0 19 23 0 20 0 0 0 0 20 0 0 25 20 0 22 0 0 0 0 0 0 0 19 0 0 23 0 18 24 0 20 20 0 0 0 0 0 22 
0 0 0 0 23 0 0 20 20 0 0 22 25 23 0 0 0 0 16 0 0 0 0 0 0 15 0 0 0 0 0 0 0 0 15 0 22 0 0 24 0 0 16 0 0 0 24 0 0 0 16 19 0 0 0 20 16 0 0 0 0 21 17 0 0 20 0 15 20 0 0 0 0 0 0 0 0 0 0 17 0 25 0 0 0 0 17 0 0 0 16 0 0 0 0 0 19 25 0 0 
0 0 0 0 19 0 0 0 0 17 0 0 0 0 0 20 0 0 16 0 21 0 0 0 0 0 0 15 0 0 15 19 0 0 0 0 0 0 0 0 0 22 21 0 0 0 18 0 0 0 0 23 22 0 0 23 0 17 17 15 0 0 22 21 18 0 0 0 0 0 0 0 0 22 24 0 0 19 18 17 0 0 0 0 15 0 18 0 0 0 0 0 0 0 21 0 0 0 25 0 
0 21 0 0 0 0 21 0 23 15 22 0 0 0 0 0 0 0 0 0 16 0 0 24 15 0 0 23 25 0 23 0 24 0 0 0 0 21 0 0 0 0 0 0 17 23 0 0 0 0 0 20 16 25 0 0 22 0 0 0 0 0 0 0 18 21 0 16 0 0 0 0 0 19 17 0 0 0 0 24 0 0 15 0 0 21 21 0 0 20 0 0 0 19 0 0 0 18 18 25 
0 0 18 0 0 19 0 0 0 0 0 0 15 0 21 0 0 15 0 0 0 0 0 0 0 18 18 0 0 0 0 0 0 0 0 0 15 0 0 23 0 21 0 0 0 0 0 22 0 0 0 20 0 0 0 24 0 0 18 0 0 15 0 0 0 0 0 21 23 0 0 0 0 0 23 0 0 0 0 19 0 0 21 0 15 0 22 0 0 21 15 0 0 0 0 0 0 0 0 0 
0 25 19 0 0 0 0 0 0 0 0 18 0 0 0 0 0 0 24 0 0 0 0 25 0 0 0 0 0 0 0 0 17 0 0 0 15 0 0 0 0 0 0 0 0 0 0 0 0 0 0 0 0 0 19 21 0 0 0 20 0 0 0 0 0 20 0 0 0 0 0 0 0 18 0 15 18 0 0 0 0 0 21 17 0 23 0 0 0 0 0 0 0 0 0 18 0 17 25 0 
0 0 25 0 16 18 0 0 0 0 22 0 0 0 0 0 0 0 0 0 0 0 0 25 18 21 0 16 22 0 18 24 22 21 0 22 0 0 0 15 0 0 20 0 23 0 0 17 0 0 0 0 23 19 0 0 0 0 24 0 0 0 23 0 0 0 17 0 0 0 16 0 0 0 0 0 0 0 0 0 21 0 0 15 0 23 20 19 0 0 0 0 17 0 18 0 0 16 19 0 
0 20 0 22 18 16 23 0 22 0 0 0 0 25 21 0 0 0 21 0 16 0 22 18 0 0 0 0 0 0 0 0 24 23 0 0 21 0 0 0 16 0 18 0 0 0 15 17 0 0 0 0 22 0 0 0 0 0 0 0 0 24 0 0 0 0 0 20 21 0 0 0 24 21 0 0 23 0 0 0 0 0 0 0 0 15 0 0 0 18 0 0 15 0 25 24 0 18 24 0 
0 0 23 24 16 0 18 0 0 0 0 0 0 0 0 0 0 0 0 19 16 0 0 16 0 0 24 0 15 20 17 0 0 21 0 15 0 0 22 0 0 0 0 0 0 0 0 25 0 0 16 0 0 16 0 0 22 0 0 15 0 17 0 0 0 20 16 0 17 0 0 0 0 17 0 0 0 0 0 0 0 0 16 0 0 0 0 0 15 21 20 0 25 17 0 18 0 0 0 0 
18 0 25 0 0 0 0 0 0 0 0 0 16 0 0 0 0 0 0 0 0 0 22 0 17 25 0 0 0 0 0 0 0 25 0 19 0 20 22 16 24 0 0 0 15 24 0 21 0 0 0 0 0 0 20 0 0 0 0 0 0 21 0 0 0 0 0 0 0 0 0 21 0 0 0 0 17 0 17 0 0 0 0 0 23 0 0 23 0 24 24 0 24 21 20 20 0 21 0 0 
15 0 0 0 21 0 0 19 0 0 0 0 20 25 0 0 16 21 24 0 24 0 0 18 0 0 24 0 0 0 0 23 0 15 0 0 0 0 0 0 0 0 0 0 24 0 0 0 0 22 0 15 0 0 0 0 0 21 0 17 16 0 0 0 0 25 19 17 0 0 15 0 21 0 23 0 0 0 0 18 0 23 0 18 18 0 17 24 0 0 18 25 0 0 0 16 0 0 0 21 
17 21 0 18 0 0 0 0 0 0 0 0 0 20 0 0 0 0 0 20 0 0 0 15 18 0 0 23 0 0 0 0 0 0 15 0 20 0 25 23 15 0 24 22 0 0 19 0 0 25 0 24 0 0 0 0 0 0 0 0 0 0 16 0 0 0 0 20 0 17 0 0 0 24 0 0 0 0 0 15 0 0 22 0 23 0 25 0 0 0 24 22 0 0 19 17 0 19 0 0 
0 0 0 17 0 0 15 0 0 0 0 21 0 0 19 19 0 0 0 0 0 0 0 17 19 0 0 15 0 0 15 0 0 0 0 0 0 0 0 0 0 0 0 0 0 0 18 21 0 0 0 15 15 24 0 21 0 0 0 24 0 21 0 0 19 0 0 0 25 19 20 0 19 19 0 0 0 0 24 0 0 0 0 16 0 21 0 0 0 0 0 0 19 0 0 18 25 0 0 0 
0 0 0 0 0 25 0 0 0 0 25 0 0 0 0 0 22 0 17 0 0 0 0 0 0 0 0 0 0 0 18 0 0 0 0 16 0 18 19 20 15 0 0 15 0 16 0 25 0 0 16 0 0 0 0 24 19 22 0 19 0 0 16 0 0 0 0 16 0 0 0 0 0 24 0 0 0 22 0 0 19 0 0 0 15 0 19 0 0 0 0 17 0 23 0 17 0 0 24 17 
0 0 0 0 22 0 20 0 0 0 0 19 0 0 0 15 17 0 0 0 0 20 20 0 0 0 0 0 21 20 22 18 0 0 0 0 20 0 0 17 0 0 20 0 15 0 0 0 0 0 0 0 0 0 15 0 0 0 0 19 0 0 0 0 16 0 25 0 20 15 0 0 23 17 0 0 0 0 0 0 0 0 0 0 0 0 0 0 0 0 0 17 19 0 0 19 0 22 0 0 
0 0 0 0 0 16 16 0 21 17 0 0 15 0 16 0 0 0 21 0 0 0 0 0 0 25 0 0 0 18 17 0 25 23 0 0 0 0 0 0 0 21 0 0 0 20 0 0 0 0 20 0 0 23 0 0 0 0 0 24 0 0 18 21 20 0 0 0 0 0 18 0 0 25 0 0 0 0 0 0 22 0 0 0 23 20 0 0 0 0 0 0 16 0 17 0 0 0 0 15 
19 0 0 21 0 24 0 0 23 0 0 0 0 0 0 0 22 24 0 24 0 22 23 0 15 0 0 0 0 0 23 0 0 0 21 0 0 15 0 25 0 0 0 0 0 0 0 23 19 0 0 0 0 0 0 24 16 0 0 20 0 20 0 0 21 0 23 21 17 0 24 0 17 16 16 0 17 0 0 0 0 0 25 15 0 0 0 15 25 17 0 0 0 0 0 0 0 0 0 19 
0 0 0 0 0 24 0 0 0 0 17 0 25 0 0 0 25 21 0 0 0 16 0 0 0 0 0 22 0 0 0 0 20 18 25 0 18 0 25 0 0 22 0 0 0 0 15 0 0 0 0 0 0 19 0 0 0 0 0 0 0 0 0 20 0 0 0 0 22 25 0 21 18 23 0 18 0 0 0 0 16 16 0 0 23 0 0 0 0 0 16 0 0 0 0 0 16 0 0 21 
0 0 0 22 0 0 24 0 0 19 24 22 0 0 0 17 0 24 0 0 15 0 0 0 21 0 0 20 0 0 0 18 23 0 0 0 0 0 0 0 0 0 0 0 0 0 0 0 0 0 0 16 0 0 17 0 17 0 22 0 0 0 0 0 21 0 0 0 0 0 0 0 0 0 23 0 0 22 0 0 18 0 0 0 20 0 0 18 18 0 0 21 0 0 22 0 0 0 0 0 
0 21 0 0 0 0 0 0 0 0 0 0 0 15 0 15 0 0 0 0 0 21 0 0 0 0 0 25 0 0 0 0 0 0 0 19 0 0 0 0 0 0 0 0 0 0 19 0 0 0 0 0 0 0 0 0 0 0 17 18 19 0 0 0 21 0 20 21 24 0 0 21 19 0 0 0 0 0 0 23 19 0 24 19 0 20 0 0 16 18 0 0 22 0 0 25 0 0 0 0 
0 18 17 0 0 0 0 0 18 0 0 0 17 0 0 24 0 0 0 20 0 0 0 0 0 0 0 0 0 0 0 0 0 0 0 0 0 0 0 0 24 24 0 0 0 0 0 0 0 0 0 0 22 0 0 0 0 0 0 15 0 0 19 0 0 0 0 19 0 0 20 0 25 0 21 17 15 0 17 0 24 19 22 0 0 0 0 0 0 0 0 19 0 0 0 0 0 0 23 0 
0 18 21 0 0 0 0 0 23 0 0 15 0 0 0 17 0 0 19 24 19 24 22 19 24 0 0 0 0 0 0 0 25 0 0 0 0 0 0 0 15 0 0 0 0 0 0 0 0 0 0 0 22 20 19 0 0 15 0 0 0 23 0 0 24 0 0 0 0 18 0 0 0 0 0 0 0 0 0 0 0 16 0 0 0 17 0 0 0 0 0 0 0 0 0 0 0 0 0 20 
0 0 15 23 16 0 0 0 0 25 23 15 0 0 16 0 0 25 25 19 0 0 20 19 0 0 0 0 15 25 0 0 21 15 0 0 15 0 16 0 0 0 23 0 0 0 0 18 23 21 0 0 16 0 0 0 0 0 25 21 20 0 0 0 21 0 17 0 0 0 0 0 0 0 0 0 0 22 0 0 0 0 21 0 0 0 0 0 0 16 24 0 0 25 0 0 15 0 0 16 
0 17 0 21 19 0 15 25 0 23 0 18 16 0 0 0 0 0 0 19 0 0 0 23 17 0 0 0 0 0 18 22 0 15 0 0 24 0 0 0 0 0 0 0 19 18 0 0 0 0 0 0 0 23 23 0 0 20 0 0 15 0 0 0 0 0 0 17 0 0 25 19 0 0 16 18 0 25 0 0 0 0 21 0 0 22 16 0 0 25 22 23 18 0 0 24 23 0 0 0 
0 0 22 0 0 0 0 0 0 0 0 0 16 0 0 0 0 0 23 0 20 16 0 0 16 0 23 0 0 0 0 0 0 0 0 0 0 0 0 0 21 20 0 25 0 0 0 23 16 0 0 0 18 0 20 23 0 16 0 17 0 20 17 0 0 0 0 0 23 0 17 25 0 0 0 0 19 0 0 0 0 0 0 0 0 0 0 0 23 0 0 0 0 20 0 0 24 0 0 0 
0 0 24 0 0 0 24 17 18 0 25 18 0 25 0 0 0 20 0 0 20 20 0 0 18 0 24 17 0 22 0 24 0 24 19 15 0 0 24 0 0 0 0 15 0 0 0 19 18 0 0 0 0 0 0 0 24 0 0 0 0 0 0 0 0 24 17 0 0 0 0 0 0 0 0 0 0 0 0 0 0 25 0 0 19 19 0 0 0 21 0 0 0 0 0 0 0 0 0 16 
0 0 0 19 23 21 0 0 0 19 0 0 15 23 0 0 23 19 0 0 0 0 0 21 15 0 15 0 0 16 0 0 0 0 0 0 0 0 0 16 0 0 0 18 0 0 0 16 23 0 24 0 16 0 0 20 0 0 0 0 0 0 0 0 19 0 18 0 0 0 25 0 18 0 0 0 16 0 25 23 0 0 0 0 0 0 17 0 23 0 0 0 0 18 0 18 0 0 0 16 
0 0 0 0 18 21 20 0 0 0 0 19 18 0 0 0 0 0 25 16 18 0 0 0 0 0 24 25 0 15 0 22 0 17 17 0 0 0 0 0 0 0 0 0 0 0 0 0 18 16 25 0 22 19 0 0 0 19 0 0 0 18 0 0 0 0 0 0 0 0 0 0 25 17 0 16 24 19 0 0 0 0 0 24 0 0 0 0 18 25 0 0 0 18 22 16 0 0 0 0 
0 19 0 0 0 0 0 23 0 0 25 21 19 0 0 0 0 0 0 0 25 0 0 0 0 0 18 15 0 0 22 0 21 0 0 0 22 0 23 0 0 0 19 0 19 0 22 0 0 15 0 21 0 0 0 0 25 21 0 0 15 0 0 0 0 0 0 0 16 24 0 0 0 17 0 0 0 21 0 15 20 0 0 0 24 0 0 25 0 0 0 23 0 24 21 0 16 0 0 0 
0 0 0 0 0 0 17 0 0 0 0 21 25 0 18 25 20 0 0 19 0 0 22 0 23 0 0 0 0 0 0 23 0 0 0 0 0 19 0 21 0 0 18 0 0 0 0 0 0 21 0 15 21 0 24 0 0 0 18 0 0 0 0 21 0 0 0 0 0 0 17 0 17 0 0 22 0 0 0 0 0 21 0 0 0 0 25 0 0 0 0 25 0 0 0 16 0 0 0 0 
0 23 0 0 0 0 0 0 0 0 0 0 0 0 0 0 0 22 24 0 0 21 17 0 18 22 0 18 0 0 0 0 20 0 15 19 0 0 0 0 17 0 24 0 0 22 0 20 0 0 20 0 0 0 0 0 0 0 0 0 16 0 0 0 0 0 0 15 16 17 0 17 0 0 0 0 23 22 0 0 0 0 0 0 23 0 19 0 0 0 0 0 23 0 21 0 0 20 16 20 
21 25 22 0 0 17 0 0 0 0 0 0 0 25 24 0 0 0 0 21 23 18 0 0 0 0 17 18 0 16 22 0 0 20 15 0 0 0 0 0 0 25 0 0 15 0 0 0 0 23 0 0 0 23 0 16 0 0 0 0 0 0 0 16 0 0 0 0 0 0 17 0 25 0 0 0 0 0 0 0 0 0 0 0 0 0 16 0 0 0 0 0 0 15 19 0 22 0 18 23 
0 0 17 0 0 0 0 0 18 0 0 0 0 0 0 18 0 0 0 0 0 20 24 21 0 0 0 0 0 23 0 0 0 0 0 0 0 0 0 0 0 0 0 0 24 24 18 0 0 21 0 0 0 0 22 0 0 24 0 25 18 0 0 0 0 0 18 0 0 0 0 0 17 21 21 0 0 0 0 0 0 25 22 0 0 0 19 25 0 23 0 0 0 0 0 0 0 0 0 0 
0 0 0 0 21 0 17 0 0 0 0 23 0 0 17 0 0 0 0 21 0 0 23 0 0 22 0 0 0 0 25 17 24 19 0 24 0 0 0 0 0 16 0 0 0 0 0 0 0 0 24 0 22 23 0 0 0 0 0 0 0 0 24 25 0 0 0 0 0 0 0 0 0 0 0 20 15 15 0 0 0 0 0 21 18 0 0 22 16 0 0 0 0 0 19 0 0 22 0 22 
0 16 0 0 0 0 0 20 0 0 0 19 0 0 0 0 0 24 0 23 0 21 0 19 0 0 22 0 17 16 0 0 0 0 17 0 16 0 0 0 24 0 15 0 0 0 16 0 0 25 0 25 0 0 0 0 0 24 16 0 0 16 15 0 0 0 0 0 20 22 25 0 0 22 0 0 0 0 17 0 0 19 0 0 0 0 20 0 0 0 18 0 18 0 23 0 0 0 0 0 
18 0 0 0 0 18 0 0 0 0 16 0 22 0 21 0 0 0 15 0 21 0 15 0 0 0 0 0 0 0 0 0 0 0 23 19 0 22 0 0 0 21 0 0 21 17 24 0 16 0 0 0 0 0 0 23 17 0 0 0 24 0 22 0 0 0 17 0 17 0 0 0 0 0 0 25 0 0 22 21 0 0 0 0 0 0 0 17 0 23 0 17 20 0 0 25 0 17 21 0 
0 0 0 0 16 25 0 0 0 17 0 17 25 19 0 0 0 15 0 0 0 0 0 16 0 25 19 0 0 0 0 0 24 0 0 22 0 16 0 0 18 0 0 17 0 25 0 0 0 0 0 0 25 18 0 0 0 0 23 0 0 0 15 0 0 0 22 0 0 0 25 19 0 20 0 0 0 0 18 0 23 0 0 0 0 0 0 0 16 0 0 0 0 21 0 17 0 24 0 0 
0 0 16 0 15 0 0 23 0 0 0 20 0 0 0 0 0 24 0 0 0 20 15 0 0 0 0 23 0 0 22 0 16 20 24 0 0 18 0 0 0 0 0 0 0 0 0 0 0 0 0 0 15 25 0 0 20 0 0 0 0 15 0 0 0 24 0 0 0 19 17 0 0 0 0 0 0 0 0 0 0 0 0 21 0 18 0 0 0 23 23 15 19 24 0 15 0 0 0 0 
22 0 19 0 0 0 0 23 21 0 16 0 16 17 0 0 19 0 0 22 0 0 0 0 0 0 18 0 0 21 16 0 18 0 0 23 16 0 21 0 0 0 15 0 0 0 0 0 0 0 0 0 0 0 0 16 24 0 0 0 17 22 16 21 21 0 20 0 0 24 0 0 0 0 24 0 0 0 0 0 0 16 0 0 0 0 0 0 22 0 0 0 22 0 0 0 16 0 0 25 
0 15 0 22 19 0 25 0 0 0 22 0 16 0 0 0 17 23 0 0 22 15 21 21 0 0 25 0 18 18 0 0 0 0 0 15 0 0 0 0 0 0 0 15 0 0 0 24 20 0 22 0 0 0 0 0 0 15 0 0 25 0 0 24 0 22 16 0 0 0 0 21 17 0 19 22 24 0 0 0 0 0 25 0 16 0 0 18 0 21 0 21 19 0 0 0 0 0 0 0 
20 0 0 24 0 0 0 0 0 0 0 0 0 0 20 0 0 0 0 0 0 0 0 0 0 0 0 0 24 0 0 0 18 25 17 15 17 0 0 20 0 0 24 0 0 19 0 0 18 19 21 0 0 0 0 16 0 0 0 0 25 0 20 0 0 0 20 0 24 19 0 25 0 0 0 0 0 0 0 0 0 19 0 25 0 0 0 21 0 22 0 0 19 0 18 19 0 0 0 0 
0 18 0 0 0 0 17 0 19 0 0 0 25 25 0 22 0 0 18 0 0 0 0 0 0 0 0 0 0 0 0 24 0 25 0 0 0 0 0 0 0 0 20 0 0 18 0 23 0 20 0 19 0 0 0 0 0 19 25 0 0 24 20 18 0 0 0 25 0 0 0 0 0 21 16 15 0 0 0 0 24 0 23 0 0 0 0 24 0 17 0 23 0 0 23 0 0 0 0 0 
0 0 0 0 0 0 0 0 17 20 0 19 0 0 0 0 0 0 0 19 0 0 23 0 0 0 0 0 21 0 0 18 0 22 22 25 0 0 0 0 0 0 0 0 19 0 0 0 0 0 19 25 19 20 15 20 0 0 0 0 0 0 0 0 0 25 0 0 15 20 0 0 15 0 0 0 23 0 0 0 0 0 0 0 0 0 0 20 0 0 0 0 18 0 0 19 0 0 16 0 
0 0 0 0 0 0 0 0 0 21 0 25 23 22 0 18 0 0 25 19 0 0 17 0 0 24 0 0 25 20 22 0 0 0 0 0 25 0 0 17 0 20 0 0 0 0 22 15 0 0 0 20 0 16 25 0 0 0 20 0 15 0 0 0 0 15 0 0 16 23 0 0 0 22 0 15 0 0 15 0 0 17 15 0 0 15 15 0 0 0 22 0 0 17 0 17 0 0 15 17 
0 0 0 0 0 0 19 0 0 0 0 0 0 0 21 0 0 23 0 0 0 24 0 0 18 24 0 0 0 0 0 25 0 0 0 0 0 25 0 0 20 0 0 0 16 25 23 0 19 16 0 0 0 16 24 0 0 0 0 0 24 0 0 18 24 0 20 23 0 0 20 0 0 0 0 22 0 22 20 0 0 21 0 0 0 0 0 25 0 0 0 0 25 0 23 0 0 18 17 0 
0 0 18 0 0 0 21 0 0 0 0 0 0 0 0 18 0 0 0 0 25 0 0 0 0 0 0 0 22 0 0 0 0 20 21 0 0 0 0 0 21 0 20 0 0 17 0 0 0 19 0 20 15 0 20 0 24 0 24 0 15 0 19 0 23 0 17 0 22 23 0 24 0 21 25 0 0 24 0 0 21 0 23 25 15 16 0 0 21 0 0 18 0 0 0 0 25 21 19 0 
0 15 0 25 19 0 0 0 0 15 21 0 0 0 24 0 15 18 0 25 0 16 25 0 0 0 0 0 18 0 0 0 0 0 0 0 0 24 0 0 0 0 0 25 0 0 0 16 0 0 19 0 0 0 0 18 0 0 0 0 0 0 0 0 22 0 0 0 0 0 0 0 0 0 0 0 0 0 0 0 0 0 0 25 0 0 0 20 0 0 22 0 0 17 17 16 21 0 0 0 
0 0 0 0 22 0 0 0 15 22 0 0 0 0 0 0 0 23 18 24 25 15 25 0 25 0 0 20 0 0 20 0 0 21 17 0 18 0 0 0 0 19 0 0 18 0 0 0 19 0 0 23 0 0 0 25 0 0 16 22 0 0 0 19 25 0 17 0 0 22 21 18 0 22 0 15 0 0 0 0 0 0 19 0 0 15 0 0 0 0 0 0 24 0 21 24 0 0 0 0 
0 0 15 0 25 22 0 0 0 0 0 0 16 0 0 0 0 0 0 0 0 0 0 0 0 0 0 0 20 0 0 0 0 0 0 0 21 0 0 19 0 0 0 0 17 0 0 23 0 0 0 18 0 0 17 0 20 0 0 0 0 0 0 0 25 22 0 17 0 0 15 0 0 0 0 0 21 0 23 0 0 0 0 23 0 0 0 0 0 0 0 0 0 0 25 0 25 19 0 0 
0 16 24 19 0 0 0 0 0 0 24 0 21 0 25 0 0 16 17 18 0 25 18 0 0 0 0 16 0 0 23 0 0 0 0 0 17 0 0 0 0 20 0 0 0 0 0 20 24 17 0 15 22 0 0 0 0 21 17 0 16 0 20 0 0 0 18 0 0 23 0 0 22 0 0 0 0 0 0 0 0 25 0 0 0 0 0 0 21 0 19 0 0 0 0 0 16 0 0 0 
0 0 15 17 23 0 18 0 0 0 0 0 0 0 0 0 16 23 0 17 0 0 16 0 0 15 19 0 0 22 24 0 0 24 0 0 0 0 0 0 0 0 0 23 0 0 0 23 0 0 0 23 0 0 0 18 0 0 0 0 0 0 0 0 15 0 18 0 0 0 0 0 19 0 19 0 0 0 0 0 0 0 17 16 0 0 0 0 0 0 0 0 0 0 0 0 0 22 24 20 
0 0 0 25 23 0 0 16 16 25 23 0 20 25 17 19 0 0 0 0 0 0 0 0 0 24 22 16 0 0 0 0 0 0 17 0 0 0 0 0 0 0 0 0 0 0 15 0 24 19 0 23 0 0 0 0 0 0 0 0 0 0 0 0 0 0 0 25 0 0 0 0 0 0 0 0 0 0 15 0 0 0 0 0 0 19 0 16 0 0 0 16 15 0 0 0 0 0 0 0 
0 18 0 0 0 0 0 0 20 19 21 18 0 0 19 0 0 0 18 0 0 18 0 0 0 0 0 0 0 0 0 15 22 20 0 0 0 0 0 0 0 22 0 0 0 24 0 0 16 0 0 0 15 0 0 0 0 0 0 0 25 17 23 0 0 0 25 19 19 0 0 0 0 0 0 0 0 0 0 0 0 17 0 0 0 0 0 0 22 0 17 0 0 15 0 15 20 0 23 0 
0 0 0 16 0 0 0 0 0 0 0 0 0 0 0 0 0 0 20 17 0 18 0 0 18 0 17 16 17 16 22 0 21 0 0 18 0 0 25 23 0 0 0 0 21 21 18 0 0 0 0 0 0 0 23 0 0 0 0 0 0 25 0 21 0 0 0 0 0 0 17 0 16 0 0 0 0 0 0 21 22 25 0 0 0 0 0 19 0 0 0 0 0 15 0 17 0 22 0 0 
0 15 0 16 0 0 0 18 0 0 20 0 23 0 18 21 21 21 25 24 0 0 0 23 0 0 22 0 0 21 0 0 0 0 0 0 0 0 0 0 23 22 16 0 17 20 0 0 24 0 0 0 0 0 0 0 20 19 0 0 18 0 15 0 0 0 0 0 0 0 19 0 22 0 0 0 0 0 0 0 18 0 25 24 0 0 16 0 0 0 0 0 0 0 0 0 22 0 0 0 
0 0 0 0 24 0 0 0 19 0 0 0 0 0 0 0 0 23 24 16 21 0 21 0 23 18 0 0 0 22 0 0 25 0 0 0 0 0 17 0 0 0 0 0 0 17 20 0 0 0 0 0 0 0 0 0 0 0 21 0 0 0 18 23 0 0 0 0 0 16 0 0 0 21 0 0 0 0 0 0 0 0 0 0 0 0 0 0 21 0 0 0 0 15 22 17 0 0 0 0 
0 24 0 20 0 0 0 0 0 0 0 22 0 0 19 21 24 0 15 22 0 15 0 21 0 0 0 0 16 0 24 16 0 0 17 0 0 24 21 0 0 0 0 0 0 0 0 24 25 0 0 0 0 0 20 18 0 24 0 0 0 0 0 17 25 0 0 0 0 23 0 0 0 0 0 25 0 0 0 0 22 0 0 0 0 17 0 0 25 0 17 22 25 21 0 0 0 0 0 0 
0 21 22 18 20 0 0 0 0 24 0 0 0 22 0 0 15 21 0 18 15 0 20 0 0 0 0 0 0 0 0 0 0 0 0 0 15 0 0 0 0 0 0 0 0 0 0 22 0 0 0 0 17 18 0 0 0 24 0 25 24 0 0 23 21 15 24 0 0 21 18 0 21 0 17 0 16 0 16 0 19 17 16 17 17 0 0 0 15 0 0 23 20 24 0 0 0 23 0 0 
