10 10 3 3
20
3 4 5 
4 3 4 
5 4 3 

46 81 96 7
140 173 183 8
125 159 170 8
169 197 210 7
64 97 109 9
114 147 161 8
92 117 131 10
142 172 187 5
160 198 208 9
33 61 75 5
126 161 172 10
69 108 118 6
125 157 172 6
198 228 240 10
188 214 224 6
90 123 133 7
90 122 135 8
214 247 257 10
158 185 200 9
105 139 150 9

6 0 20 0 0 0 0 0 0 0 
55 0 0 0 0 39 9 0 29 22 
0 0 7 50 28 0 0 0 0 0 
59 0 0 0 40 0 0 0 0 0 
0 0 0 0 0 32 0 44 0 44 
0 0 0 0 0 0 56 28 0 27 
0 8 0 47 51 0 14 22 0 0 
0 0 0 60 0 0 0 0 0 29 
0 0 0 0 0 0 57 50 0 0 
0 0 0 0 23 0 0 60 0 0 

18 0 23 0 0 0 0 0 0 0 
20 0 0 0 0 25 15 0 17 25 
0 0 24 16 21 0 0 0 0 0 
15 0 0 0 18 0 0 0 0 0 
0 0 0 0 0 23 0 25 0 16 
0 0 0 0 0 0 20 25 0 24 
0 22 0 24 24 0 17 17 0 0 
0 0 0 23 0 0 0 0 0 16 
0 0 0 0 0 0 24 22 0 0 
0 0 0 0 16 0 0 20 0 0 
