25 25 3 3
20
3 4 5 
4 3 4 
5 4 3 

346 381 396 7
140 173 183 8
125 159 170 8
369 397 410 7
264 297 309 9
314 347 361 8
492 517 531 10
342 372 387 5
260 298 308 9
433 461 475 5
249 284 295 10
250 286 296 6
17 51 66 6
444 478 490 10
14 49 59 6
341 371 381 7
303 335 348 8
222 253 263 10
243 268 283 9
217 246 257 9
251 288 301 5
494 532 545 8
347 379 389 7
205 244 257 7
224 257 269 9
171 206 217 9
333 372 383 10
56 88 101 8
156 186 201 7
233 259 269 8
300 333 343 8
30 62 74 9
379 412 427 6
251 278 288 8
135 169 183 7
375 410 423 7
169 206 217 10
305 337 349 10
208 246 261 10
201 240 251 10
368 400 414 9
178 210 225 10
392 426 436 9
488 521 536 5
48 77 89 9
166 193 207 10
42 79 94 9
265 296 308 8
389 428 442 8
241 276 290 6

6 20 55 39 9 29 22 7 50 28 59 40 32 44 44 56 28 27 8 47 51 14 22 60 29 
57 50 23 60 10 34 47 28 24 23 49 9 52 13 16 6 25 41 54 14 31 54 30 7 60 
45 6 54 41 27 39 12 55 23 39 27 45 35 19 49 59 12 28 23 59 10 54 11 33 23 
14 36 25 20 41 22 33 13 46 36 31 20 52 47 30 16 59 43 58 49 48 8 43 53 53 
54 49 9 57 47 22 6 26 43 31 54 21 31 25 25 28 46 46 34 56 53 37 15 38 45 
45 14 45 23 47 10 57 54 25 24 44 47 38 30 50 32 58 48 26 31 35 49 20 7 46 
6 35 38 57 23 16 17 17 14 48 31 31 45 7 10 60 60 31 12 55 22 6 43 38 53 
9 19 54 21 25 54 10 55 45 59 6 24 30 27 26 11 59 35 52 41 20 37 45 39 57 
13 45 19 17 51 36 58 32 18 21 37 49 43 37 56 53 44 52 12 59 43 37 52 57 13 
25 31 41 23 51 22 8 6 49 42 9 7 7 35 10 48 23 19 44 41 58 54 29 12 25 
28 22 47 40 20 58 27 42 29 18 30 38 44 50 22 24 47 6 18 42 21 50 17 13 49 
27 52 40 49 18 9 10 39 21 41 30 20 21 56 16 55 20 19 59 6 20 57 11 38 54 
28 46 48 43 49 27 13 23 56 31 12 50 37 44 41 39 7 58 20 32 21 11 16 16 34 
26 59 20 23 35 16 45 23 14 23 8 15 13 42 20 8 30 34 39 52 54 59 39 41 51 
10 58 11 18 40 10 58 53 43 13 21 32 45 50 21 27 52 7 16 60 11 20 51 26 25 
55 19 39 8 19 57 42 15 57 29 29 14 50 54 26 51 40 35 7 7 18 43 32 59 42 
57 27 41 45 19 17 52 25 25 22 20 26 15 33 52 39 55 46 56 26 54 22 18 47 41 
44 60 12 46 12 53 12 8 33 54 57 11 59 53 15 27 54 51 6 47 48 39 21 49 14 
21 43 22 32 30 39 32 24 26 55 27 20 44 47 25 57 16 33 46 40 27 26 19 14 45 
28 52 51 21 15 9 40 46 50 49 21 50 41 43 49 27 33 17 60 42 50 9 45 46 59 
12 53 45 23 26 41 10 42 32 26 57 58 27 39 14 46 22 7 54 54 29 22 35 34 12 
53 11 30 50 37 51 12 41 45 26 47 59 32 47 30 11 41 36 32 10 42 14 53 48 15 
35 9 7 34 17 53 51 26 21 17 59 56 15 48 47 19 28 31 18 31 25 52 38 25 23 
12 40 33 52 40 23 60 23 27 50 57 42 49 39 12 14 16 50 31 50 21 45 9 9 33 
42 47 34 27 7 31 43 17 8 25 47 54 57 44 47 29 48 50 52 53 44 13 22 14 46 

18 23 20 25 15 17 25 24 16 21 15 18 23 25 16 20 25 24 22 24 24 17 17 23 16 
24 22 16 20 17 17 19 16 21 20 22 19 22 19 17 24 22 15 19 19 21 16 20 25 16 
24 23 15 24 23 22 22 23 17 15 16 24 17 17 18 21 19 17 21 22 23 24 18 17 17 
23 24 16 19 20 23 25 25 24 23 20 18 18 19 20 15 19 18 22 15 20 25 25 19 25 
15 15 25 21 20 22 19 16 19 25 22 17 24 24 17 21 17 15 15 25 18 17 17 22 18 
22 19 24 24 21 22 23 15 16 23 15 18 15 22 18 25 22 25 22 22 20 21 15 24 24 
19 25 15 23 16 24 15 17 15 17 16 23 23 21 23 15 21 19 25 25 15 17 25 17 18 
15 15 25 23 15 24 22 19 24 18 22 16 17 18 19 23 17 24 22 18 21 18 22 16 20 
21 24 22 23 20 24 25 16 23 19 21 17 25 17 20 17 20 25 19 19 19 17 25 17 19 
22 20 25 25 22 15 21 23 20 25 24 18 25 20 17 21 25 15 24 19 22 24 20 17 22 
24 21 23 22 24 16 25 20 22 19 24 18 22 18 20 17 19 23 20 19 25 22 22 18 16 
17 17 22 23 21 18 15 25 23 17 18 23 22 19 24 23 20 17 20 20 15 17 18 19 18 
19 19 23 17 24 25 25 20 24 19 18 17 25 20 20 16 20 18 16 23 15 20 16 18 25 
22 21 17 20 24 21 22 22 18 20 24 19 23 25 18 18 23 15 19 18 16 23 18 17 22 
18 19 25 20 23 18 21 16 24 16 16 22 23 19 20 22 19 17 19 16 25 24 15 15 20 
25 19 15 20 23 24 19 17 18 22 22 17 19 23 22 19 21 20 23 19 21 17 15 24 21 
15 20 24 22 23 19 15 24 19 21 24 20 24 24 15 20 20 22 24 23 20 23 25 20 16 
23 22 20 24 21 23 18 24 20 23 25 19 18 24 19 19 16 16 24 25 19 17 18 18 17 
25 19 15 15 18 19 21 19 25 17 21 18 21 19 18 23 24 24 24 23 20 23 21 18 23 
22 16 21 23 22 15 18 25 21 17 24 24 18 23 18 16 19 18 22 25 25 22 18 17 21 
22 25 18 24 23 17 18 19 24 16 19 25 16 17 24 16 21 18 21 24 21 17 22 20 16 
23 23 23 25 18 23 19 16 19 18 20 25 23 21 21 24 23 15 21 25 18 22 21 22 23 
21 25 23 24 25 19 20 16 17 18 22 22 22 25 15 20 24 24 22 16 24 25 25 20 22 
15 15 23 19 22 20 15 21 21 25 15 20 22 21 17 25 20 15 16 20 18 19 25 16 15 
15 25 25 25 21 22 23 21 16 15 16 16 17 15 20 17 22 23 25 21 23 23 16 22 15 
