28 28 5 5
20
3 4 5 6 7 
4 3 4 5 6 
5 4 3 4 5 
6 5 4 3 4 
7 6 5 4 3 

134 169 184 7
60 93 103 8
61 95 106 8
249 277 290 7
32 65 77 9
266 299 313 8
204 229 243 10
6 36 51 5
288 326 336 9
193 221 235 5
33 68 79 10
322 358 368 6
125 159 174 6
216 250 262 10
206 241 251 6
13 43 53 7
7 39 52 8
298 329 339 10
243 268 283 9
149 178 189 9
319 356 369 5
262 300 313 8
243 275 285 7
245 284 297 7
220 253 265 9
13 48 59 9
251 277 288 10
45 80 93 8
227 262 277 7
173 212 222 8
102 134 144 8
93 123 135 9
317 343 358 6
307 340 350 8
248 280 294 7
248 281 294 7
270 297 308 10
335 369 381 10
188 223 238 10
85 122 133 10
195 227 241 9
136 174 189 10
344 383 393 9
320 352 367 5
347 379 391 9
140 174 188 10
109 142 157 9
329 358 370 8
225 252 266 8
133 170 184 6
194 225 235 9
110 149 161 9
132 167 179 10
196 225 240 10
87 115 130 8
140 165 180 5

6 0 20 0 0 0 0 0 0 0 55 0 0 0 0 39 9 0 29 22 0 0 7 50 28 0 0 0 
0 0 59 0 0 0 40 0 0 0 0 0 0 0 0 0 0 32 0 44 0 44 0 0 0 0 0 0 
56 28 0 27 0 8 0 47 51 0 14 22 0 0 0 0 0 60 0 0 0 0 0 29 0 0 0 0 
0 0 57 50 0 0 0 0 0 0 23 0 0 60 0 0 10 0 34 0 0 0 0 47 0 0 28 0 
0 0 24 23 0 0 49 0 0 0 9 0 0 0 0 0 52 0 0 13 0 0 0 16 0 0 0 0 
0 0 0 0 0 6 0 25 0 0 41 0 0 0 0 0 54 0 0 14 0 31 0 0 0 54 0 30 
7 0 0 0 60 0 45 0 0 0 0 0 6 54 41 27 0 0 39 12 0 55 23 0 0 0 0 39 
0 27 0 45 0 35 0 0 0 19 0 0 0 0 49 0 59 0 0 0 12 0 28 0 0 23 0 59 
10 0 0 54 0 0 0 0 0 0 0 0 0 0 0 0 11 0 0 0 33 23 0 0 0 0 0 14 
0 0 0 0 0 36 0 0 0 0 0 25 0 0 0 0 0 20 41 0 0 0 22 0 33 13 0 0 
0 0 0 46 0 0 36 0 0 0 0 0 0 0 0 0 31 20 0 0 0 0 52 0 0 0 47 0 
30 16 0 0 0 59 0 0 0 0 0 0 0 0 0 0 43 0 58 0 0 0 0 0 0 0 0 0 
0 0 49 0 48 0 0 0 8 0 43 0 53 0 0 0 0 0 53 54 0 0 49 9 57 0 0 0 
0 0 0 0 0 0 0 0 47 0 0 22 6 0 26 0 0 0 0 43 0 31 0 54 21 0 0 0 
0 0 0 0 31 0 25 25 0 0 28 46 0 0 46 34 0 56 53 37 0 15 38 45 0 0 0 0 
0 0 0 0 0 0 45 14 0 0 0 45 0 23 0 0 0 0 47 0 0 0 0 10 57 0 54 0 
25 0 0 24 0 0 0 0 0 0 44 0 0 0 47 0 0 0 38 0 0 30 50 32 0 0 58 0 
0 0 48 26 31 0 0 35 0 0 49 0 20 0 0 0 7 0 46 0 6 0 0 0 35 38 57 23 
16 0 0 0 17 0 0 0 0 0 0 0 17 0 0 0 0 0 0 0 14 0 0 48 0 31 31 0 
0 45 7 10 0 0 0 0 0 0 0 0 0 60 0 0 0 0 60 0 0 0 0 0 31 12 55 0 
0 0 0 0 0 0 0 0 0 0 0 0 0 0 0 22 6 43 0 0 0 0 38 0 53 0 0 0 
0 9 19 54 21 0 0 0 25 0 54 0 0 10 0 0 0 0 55 0 45 0 0 0 0 0 0 0 
0 0 59 0 6 24 0 0 30 0 0 27 0 0 0 0 0 0 0 0 0 0 26 0 0 0 0 11 
59 0 0 35 52 0 0 0 0 0 0 0 0 0 0 41 0 0 0 0 0 0 0 0 20 37 0 45 
0 0 0 39 0 0 0 57 0 0 0 0 13 0 0 0 0 0 0 45 0 19 17 0 0 51 0 0 
36 0 0 58 0 0 0 0 32 0 0 18 0 0 21 37 49 0 0 0 0 0 43 0 37 56 0 53 
44 0 52 12 59 0 0 0 0 0 43 0 0 0 0 0 0 0 37 0 52 0 0 0 57 0 0 0 
0 0 13 0 0 0 0 0 0 0 0 0 0 25 0 0 0 31 41 0 0 23 51 0 0 0 22 8 

18 0 23 0 0 0 0 0 0 0 20 0 0 0 0 25 15 0 17 25 0 0 24 16 21 0 0 0 
0 0 15 0 0 0 18 0 0 0 0 0 0 0 0 0 0 23 0 25 0 16 0 0 0 0 0 0 
20 25 0 24 0 22 0 24 24 0 17 17 0 0 0 0 0 23 0 0 0 0 0 16 0 0 0 0 
0 0 24 22 0 0 0 0 0 0 16 0 0 20 0 0 17 0 17 0 0 0 0 19 0 0 16 0 
0 0 21 20 0 0 22 0 0 0 19 0 0 0 0 0 22 0 0 19 0 0 0 17 0 0 0 0 
0 0 0 0 0 24 0 22 0 0 15 0 0 0 0 0 19 0 0 19 0 21 0 0 0 16 0 20 
25 0 0 0 16 0 24 0 0 0 0 0 23 15 24 23 0 0 22 22 0 23 17 0 0 0 0 15 
0 16 0 24 0 17 0 0 0 17 0 0 0 0 18 0 21 0 0 0 19 0 17 0 0 21 0 22 
23 0 0 24 0 0 0 0 0 0 0 0 0 0 0 0 18 0 0 0 17 17 0 0 0 0 0 23 
0 0 0 0 0 24 0 0 0 0 0 16 0 0 0 0 0 19 20 0 0 0 23 0 25 25 0 0 
0 0 0 24 0 0 23 0 0 0 0 0 0 0 0 0 20 18 0 0 0 0 18 0 0 0 19 0 
20 15 0 0 0 19 0 0 0 0 0 0 0 0 0 0 18 0 22 0 0 0 0 0 0 0 0 0 
0 0 15 0 20 0 0 0 25 0 25 0 19 0 0 0 0 0 25 15 0 0 15 25 21 0 0 0 
0 0 0 0 0 0 0 0 20 0 0 22 19 0 16 0 0 0 0 19 0 25 0 22 17 0 0 0 
0 0 0 0 24 0 24 17 0 0 21 17 0 0 15 15 0 25 18 17 0 17 22 18 0 0 0 0 
0 0 0 0 0 0 22 19 0 0 0 24 0 24 0 0 0 0 21 0 0 0 0 22 23 0 15 0 
16 0 0 23 0 0 0 0 0 0 15 0 0 0 18 0 0 0 15 0 0 22 18 25 0 0 22 0 
0 0 25 22 22 0 0 20 0 0 21 0 15 0 0 0 24 0 24 0 19 0 0 0 25 15 23 16 
24 0 0 0 15 0 0 0 0 0 0 0 17 0 0 0 0 0 0 0 15 0 0 17 0 16 23 0 
0 23 21 23 0 0 0 0 0 0 0 0 0 15 0 0 0 0 21 0 0 0 0 0 19 25 25 0 
0 0 0 0 0 0 0 0 0 0 0 0 0 0 0 15 17 25 0 0 0 0 17 0 18 0 0 0 
0 15 15 25 23 0 0 0 15 0 24 0 0 22 0 0 0 0 19 0 24 0 0 0 0 0 0 0 
0 0 18 0 22 16 0 0 17 0 0 18 0 0 0 0 0 0 0 0 0 0 19 0 0 0 0 23 
17 0 0 24 22 0 0 0 0 0 0 0 0 0 0 18 0 0 0 0 0 0 0 0 21 18 0 22 
0 0 0 16 0 0 0 20 0 0 0 0 21 0 0 0 0 0 0 24 0 22 23 0 0 20 0 0 
24 0 0 25 0 0 0 0 16 0 0 23 0 0 19 21 17 0 0 0 0 0 25 0 17 20 0 17 
20 0 25 19 19 0 0 0 0 0 19 0 0 0 0 0 0 0 17 0 25 0 0 0 17 0 0 0 
0 0 19 0 0 0 0 0 0 0 0 0 0 22 0 0 0 20 25 0 0 25 22 0 0 0 15 21 
