35 35 8 8
20
3 4 5 6 7 8 9 10 
4 3 4 5 6 7 8 9 
5 4 3 4 5 6 7 8 
6 5 4 3 4 5 6 7 
7 6 5 4 3 4 5 6 
8 7 6 5 4 3 4 5 
9 8 7 6 5 4 3 4 
10 9 8 7 6 5 4 3 

36 71 86 7
60 93 103 8
5 39 50 8
39 67 80 7
4 37 49 9
14 47 61 8
22 47 61 10
62 92 107 5
50 88 98 9
53 81 95 5
19 54 65 10
70 106 116 6
27 61 76 6
34 68 80 10
24 59 69 6
41 71 81 7
63 95 108 8
32 63 73 10
33 58 73 9
37 66 77 9
11 48 61 5
24 62 75 8
47 79 89 7
35 74 87 7
24 57 69 9
27 62 73 9
55 81 92 10
3 38 51 8
60 91 106 7
55 82 92 8
29 56 66 8
27 67 79 9
38 75 90 6
14 40 50 8
38 66 80 7
43 78 91 7
35 74 85 10
34 66 78 10
16 46 61 10
68 94 105 10
33 66 80 9
59 91 106 10
37 70 80 9
17 44 59 5
47 81 93 9
27 62 76 10
31 68 83 9
17 49 61 8
31 69 83 8
43 82 96 6
81 113 123 9
65 97 109 9
60 94 106 10
33 66 81 10
40 69 84 8
59 86 101 5
60 97 108 9
42 73 85 9
18 57 69 6
70 105 119 9
15 44 57 10
73 101 114 7
55 80 91 7
77 109 121 9
68 98 113 6
26 56 71 9
47 81 92 10
74 105 115 8
52 90 100 8
61 92 105 6

6 20 55 39 9 29 22 7 50 28 59 40 32 44 44 56 28 27 8 47 51 14 22 60 29 57 50 23 60 10 34 47 28 24 23 
49 9 52 13 16 6 25 41 54 14 31 54 30 7 60 45 6 54 41 27 39 12 55 23 39 27 45 35 19 49 59 12 28 23 59 
10 54 11 33 23 14 36 25 20 41 22 33 13 46 36 31 20 52 47 30 16 59 43 58 49 48 8 43 53 53 54 49 9 57 47 
22 6 26 43 31 54 21 31 25 25 28 46 46 34 56 53 37 15 38 45 45 14 45 23 47 10 57 54 25 24 44 47 38 30 50 
32 58 48 26 31 35 49 20 7 46 6 35 38 57 23 16 17 17 14 48 31 31 45 7 10 60 60 31 12 55 22 6 43 38 53 
9 19 54 21 25 54 10 55 45 59 6 24 30 27 26 11 59 35 52 41 20 37 45 39 57 13 45 19 17 51 36 58 32 18 21 
37 49 43 37 56 53 44 52 12 59 43 37 52 57 13 25 31 41 23 51 22 8 6 49 42 9 7 7 35 10 48 23 19 44 41 
58 54 29 12 25 28 22 47 40 20 58 27 42 29 18 30 38 44 50 22 24 47 6 18 42 21 50 17 13 49 27 52 40 49 18 
9 10 39 21 41 30 20 21 56 16 55 20 19 59 6 20 57 11 38 54 28 46 48 43 49 27 13 23 56 31 12 50 37 44 41 
39 7 58 20 32 21 11 16 16 34 26 59 20 23 35 16 45 23 14 23 8 15 13 42 20 8 30 34 39 52 54 59 39 41 51 
10 58 11 18 40 10 58 53 43 13 21 32 45 50 21 27 52 7 16 60 11 20 51 26 25 55 19 39 8 19 57 42 15 57 29 
29 14 50 54 26 51 40 35 7 7 18 43 32 59 42 57 27 41 45 19 17 52 25 25 22 20 26 15 33 52 39 55 46 56 26 
54 22 18 47 41 44 60 12 46 12 53 12 8 33 54 57 11 59 53 15 27 54 51 6 47 48 39 21 49 14 21 43 22 32 30 
39 32 24 26 55 27 20 44 47 25 57 16 33 46 40 27 26 19 14 45 28 52 51 21 15 9 40 46 50 49 21 50 41 43 49 
27 33 17 60 42 50 9 45 46 59 12 53 45 23 26 41 10 42 32 26 57 58 27 39 14 46 22 7 54 54 29 22 35 34 12 
53 11 30 50 37 51 12 41 45 26 47 59 32 47 30 11 41 36 32 10 42 14 53 48 15 35 9 7 34 17 53 51 26 21 17 
59 56 15 48 47 19 28 31 18 31 25 52 38 25 23 12 40 33 52 40 23 60 23 27 50 57 42 49 39 12 14 16 50 31 50 
21 45 9 9 33 42 47 34 27 7 31 43 17 8 25 47 54 57 44 47 29 48 50 52 53 44 13 22 14 46 44 45 22 35 25 
60 18 18 60 18 23 41 45 50 53 35 46 59 6 16 23 23 51 20 54 39 28 12 28 53 50 25 39 15 30 39 28 49 33 13 
13 59 32 58 9 7 32 44 9 12 53 8 58 18 25 29 40 33 9 6 40 43 42 27 27 16 58 54 34 21 41 23 51 38 8 
38 19 31 60 14 28 25 41 48 16 28 51 23 37 28 12 11 55 53 43 11 35 31 18 17 11 9 9 40 58 6 54 17 54 58 
38 30 14 35 15 41 55 16 6 17 35 31 36 37 59 46 55 10 56 7 56 11 11 47 25 9 10 51 56 15 33 23 9 16 14 
16 36 35 53 28 14 28 41 11 8 46 41 36 44 24 56 26 26 7 36 43 12 6 28 26 35 31 58 52 14 36 29 17 6 39 
25 42 48 60 31 17 9 59 40 44 32 50 33 20 55 33 45 48 56 43 6 52 16 39 30 39 25 31 9 30 42 35 53 9 35 
59 22 43 50 35 60 45 34 16 39 37 51 57 60 21 44 7 21 57 39 41 54 32 45 26 53 45 43 27 45 12 51 23 39 35 
38 55 39 40 21 10 46 17 37 8 43 37 41 48 20 36 40 41 30 24 40 15 45 29 59 11 33 32 11 37 27 9 56 7 19 
33 6 7 52 39 58 7 20 25 33 31 49 56 43 22 16 16 34 17 40 20 38 16 7 10 8 48 56 25 18 15 30 34 31 29 
24 53 31 24 11 31 30 19 36 10 10 59 13 25 46 36 40 19 48 51 8 44 51 17 29 39 10 44 6 28 35 33 28 33 31 
29 39 11 42 22 33 17 39 53 7 27 32 25 58 29 7 14 25 33 9 31 23 42 54 19 36 18 53 31 9 8 58 17 36 54 
41 8 19 52 53 12 54 10 26 13 37 43 21 54 23 51 59 46 36 17 26 59 11 26 47 50 18 35 11 23 8 44 14 48 13 
57 12 8 52 58 7 40 20 14 8 43 47 56 45 53 8 22 45 19 17 19 24 26 24 43 28 10 28 12 60 10 48 60 49 37 
29 52 25 37 16 47 24 9 40 15 54 39 35 18 11 15 7 59 11 33 45 51 19 53 39 21 45 37 7 30 30 20 22 21 22 
24 46 25 55 11 22 55 60 32 23 16 39 21 10 16 49 36 34 40 42 35 14 58 52 31 40 13 27 28 46 20 13 35 52 48 
34 60 16 35 9 46 45 7 26 20 39 33 23 42 48 41 14 50 7 10 22 45 11 53 37 39 8 19 57 41 27 55 29 25 42 
12 24 44 12 46 6 13 57 30 15 54 58 22 13 18 30 17 18 7 46 18 46 36 57 47 12 20 29 7 38 14 60 37 41 39 

18 23 20 25 15 17 25 24 16 21 15 18 23 25 16 20 25 24 22 24 24 17 17 23 16 24 22 16 20 17 17 19 16 21 20 
22 19 22 19 17 24 22 15 19 19 21 16 20 25 16 24 23 15 24 23 22 22 23 17 15 16 24 17 17 18 21 19 17 21 22 
23 24 18 17 17 23 24 16 19 20 23 25 25 24 23 20 18 18 19 20 15 19 18 22 15 20 25 25 19 25 15 15 25 21 20 
22 19 16 19 25 22 17 24 24 17 21 17 15 15 25 18 17 17 22 18 22 19 24 24 21 22 23 15 16 23 15 18 15 22 18 
25 22 25 22 22 20 21 15 24 24 19 25 15 23 16 24 15 17 15 17 16 23 23 21 23 15 21 19 25 25 15 17 25 17 18 
15 15 25 23 15 24 22 19 24 18 22 16 17 18 19 23 17 24 22 18 21 18 22 16 20 21 24 22 23 20 24 25 16 23 19 
21 17 25 17 20 17 20 25 19 19 19 17 25 17 19 22 20 25 25 22 15 21 23 20 25 24 18 25 20 17 21 25 15 24 19 
22 24 20 17 22 24 21 23 22 24 16 25 20 22 19 24 18 22 18 20 17 19 23 20 19 25 22 22 18 16 17 17 22 23 21 
18 15 25 23 17 18 23 22 19 24 23 20 17 20 20 15 17 18 19 18 19 19 23 17 24 25 25 20 24 19 18 17 25 20 20 
16 20 18 16 23 15 20 16 18 25 22 21 17 20 24 21 22 22 18 20 24 19 23 25 18 18 23 15 19 18 16 23 18 17 22 
18 19 25 20 23 18 21 16 24 16 16 22 23 19 20 22 19 17 19 16 25 24 15 15 20 25 19 15 20 23 24 19 17 18 22 
22 17 19 23 22 19 21 20 23 19 21 17 15 24 21 15 20 24 22 23 19 15 24 19 21 24 20 24 24 15 20 20 22 24 23 
20 23 25 20 16 23 22 20 24 21 23 18 24 20 23 25 19 18 24 19 19 16 16 24 25 19 17 18 18 17 25 19 15 15 18 
19 21 19 25 17 21 18 21 19 18 23 24 24 24 23 20 23 21 18 23 22 16 21 23 22 15 18 25 21 17 24 24 18 23 18 
16 19 18 22 25 25 22 18 17 21 22 25 18 24 23 17 18 19 24 16 19 25 16 17 24 16 21 18 21 24 21 17 22 20 16 
23 23 23 25 18 23 19 16 19 18 20 25 23 21 21 24 23 15 21 25 18 22 21 22 23 21 25 23 24 25 19 20 16 17 18 
22 22 22 25 15 20 24 24 22 16 24 25 25 20 22 15 15 23 19 22 20 15 21 21 25 15 20 22 21 17 25 20 15 16 20 
18 19 25 16 15 15 25 25 25 21 22 23 21 16 15 16 16 17 15 20 17 22 23 25 21 23 23 16 22 15 15 22 23 20 19 
23 23 19 25 21 25 25 17 25 15 23 24 24 17 24 16 25 21 20 18 15 20 15 18 25 17 16 18 16 19 21 20 21 18 21 
25 20 25 19 25 18 25 17 21 16 22 22 25 24 19 22 22 22 20 16 15 21 21 19 15 22 21 24 17 25 21 21 15 15 22 
23 17 15 17 17 19 15 22 24 18 18 24 23 25 16 19 19 21 16 22 19 24 25 24 24 19 18 25 22 17 21 19 15 15 17 
24 15 25 23 16 21 24 16 24 21 19 20 15 22 21 24 23 16 18 22 22 17 17 15 16 19 17 17 22 21 25 18 23 16 15 
24 20 22 15 25 18 17 23 16 17 20 15 18 19 18 23 16 21 25 23 17 17 22 16 23 17 23 23 23 18 19 22 20 22 15 
20 19 15 22 23 15 23 19 17 22 21 17 20 17 24 25 15 17 23 22 19 23 19 24 23 20 16 17 21 23 18 22 25 24 20 
16 24 21 15 16 20 19 15 17 20 21 23 20 24 23 25 16 23 21 19 22 19 24 18 24 15 17 18 16 23 19 17 22 17 21 
21 20 19 25 21 19 19 19 21 23 20 15 22 21 18 15 25 23 24 23 23 20 24 19 19 19 25 22 19 17 25 25 24 18 16 
22 22 18 16 25 17 24 25 21 19 17 25 21 25 25 23 16 21 25 24 18 24 23 16 25 24 24 19 24 19 24 17 19 20 19 
22 23 16 22 25 20 22 21 15 21 18 25 24 24 18 18 20 17 15 22 23 18 15 15 20 15 18 15 19 20 16 18 23 18 20 
21 19 23 16 22 19 19 18 25 22 16 15 17 23 23 24 21 21 21 16 15 24 22 18 16 17 18 23 19 16 20 24 17 25 16 
21 22 15 22 22 19 16 19 19 21 16 24 16 16 23 19 19 18 19 22 20 25 19 19 25 20 23 19 15 16 19 23 15 20 22 
19 24 25 19 15 15 25 17 21 18 23 23 21 17 25 15 22 18 18 15 15 17 18 21 17 18 20 15 25 24 15 24 25 22 23 
23 24 23 21 23 23 18 19 15 23 18 23 22 20 20 23 18 16 20 19 20 21 22 20 20 20 19 24 20 24 15 16 19 20 16 
18 23 20 20 22 15 16 18 25 23 16 23 21 24 22 15 16 25 24 22 15 24 25 20 16 16 23 20 23 19 25 23 18 25 16 
21 18 24 18 18 25 15 23 16 15 15 22 16 16 16 24 24 17 25 22 18 17 19 25 19 19 23 25 21 22 18 16 21 23 18 
17 16 20 19 20 22 17 17 15 15 25 19 24 18 21 18 21 16 21 19 18 20 25 17 24 22 20 17 20 15 25 15 23 15 23 
