100 100 15 15
20
3 4 5 6 7 8 9 10 11 12 13 14 15 16 17 
4 3 4 5 6 7 8 9 10 11 12 13 14 15 16 
5 4 3 4 5 6 7 8 9 10 11 12 13 14 15 
6 5 4 3 4 5 6 7 8 9 10 11 12 13 14 
7 6 5 4 3 4 5 6 7 8 9 10 11 12 13 
8 7 6 5 4 3 4 5 6 7 8 9 10 11 12 
9 8 7 6 5 4 3 4 5 6 7 8 9 10 11 
10 9 8 7 6 5 4 3 4 5 6 7 8 9 10 
11 10 9 8 7 6 5 4 3 4 5 6 7 8 9 
12 11 10 9 8 7 6 5 4 3 4 5 6 7 8 
13 12 11 10 9 8 7 6 5 4 3 4 5 6 7 
14 13 12 11 10 9 8 7 6 5 4 3 4 5 6 
15 14 13 12 11 10 9 8 7 6 5 4 3 4 5 
16 15 14 13 12 11 10 9 8 7 6 5 4 3 4 
17 16 15 14 13 12 11 10 9 8 7 6 5 4 3 

246 281 296 7
140 173 183 8
125 159 170 8
169 197 210 7
64 97 109 9
314 347 361 8
92 117 131 10
342 372 387 5
160 198 208 9
33 61 75 5
49 84 95 10
50 86 96 6
317 351 366 6
344 378 390 10
14 49 59 6
141 171 181 7
103 135 148 8
122 153 163 10
243 268 283 9
117 146 157 9
351 388 401 5
294 332 345 8
147 179 189 7
5 44 57 7
124 157 169 9
77 112 123 9
75 101 112 10
253 288 301 8
30 61 76 7
255 282 292 8
19 46 56 8
197 237 249 9
88 125 140 6
104 130 140 8
138 166 180 7
274 309 322 7
104 134 145 10
367 400 412 10
193 232 247 10
311 337 348 10
126 164 178 9
330 365 380 10
186 219 229 9
24 60 75 5
224 263 275 9
46 78 92 10
199 232 247 9
250 286 298 8
322 348 362 8
65 101 115 6
365 405 415 9
66 91 103 9
89 119 131 10
121 150 165 10
222 261 276 8
324 350 365 5
112 142 153 9
395 435 447 9
138 177 189 6
9 38 52 9
47 84 97 10
200 232 245 7
260 291 302 7
359 384 396 9
214 239 254 6
274 308 323 9
282 309 320 10
228 257 267 8
373 413 423 8
249 279 292 6
130 163 177 9
124 157 171 8
221 253 264 9
43 73 84 10
373 411 424 10
49 88 100 6
366 392 405 7
260 286 297 9
90 116 131 9
371 401 414 10
32 62 74 6
33 65 80 9
213 248 261 8
346 382 395 5
176 213 224 6
291 320 331 7
120 148 163 5
72 108 118 7
347 372 382 8
330 370 384 10
41 66 78 10
119 144 155 10
378 403 416 6
308 335 349 6
344 371 386 8
143 179 189 5
88 120 133 10
78 103 115 6
53 93 108 5
188 226 241 5
78 113 123 8
355 394 407 9
230 262 276 5
159 189 200 8
336 362 374 8
392 425 438 10
75 107 121 6
357 390 400 5
367 394 404 5
376 410 425 10
368 403 415 10
328 365 376 7
96 128 140 9
343 381 391 5
191 230 244 6
131 163 174 8
361 393 408 7
157 191 203 6
150 183 194 5
48 77 87 6
374 401 413 8
94 131 143 9
137 168 180 10
280 319 329 7
229 264 276 5
15 44 55 9
84 112 122 7
77 102 113 5
125 157 170 5
269 299 310 5
147 177 189 7
141 175 187 9
138 169 182 10
346 384 394 8
288 319 333 5
107 140 155 5
318 345 358 9
368 407 419 6
54 84 96 8
110 149 160 5
334 367 381 8
100 126 137 7
153 180 192 9
323 358 371 8
362 394 409 5
31 56 68 7
58 91 102 5
84 112 123 9
371 406 420 6
243 281 293 6
72 98 112 5
240 265 278 7
244 283 293 10
407 445 460 9
377 414 425 6
396 424 436 10
346 373 387 10
357 385 400 6
407 447 457 5
167 194 204 7
61 101 116 5
73 107 121 6
178 218 229 9
330 357 367 8
395 421 432 6
260 285 296 5
357 383 393 9
24 58 68 5
182 216 231 7
125 161 175 8
228 253 266 5
160 197 207 5
153 185 195 10
277 304 318 8
396 435 446 7
362 393 406 8
86 114 128 7
64 103 117 9
106 145 155 5
303 339 354 9
409 441 452 6
56 89 101 7
176 203 213 7
115 146 156 6
248 280 294 10
136 174 189 10
196 231 246 8
147 179 193 5
218 252 262 10
125 152 166 5
258 290 301 10
215 245 260 10
180 208 223 6
87 112 122 7
84 114 124 5
123 162 175 10
173 213 223 6
201 230 242 6
78 114 124 10
143 179 189 8

6 0 20 0 0 0 0 0 0 0 55 0 0 0 0 39 9 0 29 22 0 0 7 50 28 0 0 0 0 0 59 0 0 0 40 0 0 0 0 0 0 0 0 0 0 32 0 44 0 44 0 0 0 0 0 0 56 28 0 27 0 8 0 47 51 0 14 22 0 0 0 0 0 60 0 0 0 0 0 29 0 0 0 0 0 0 57 50 0 0 0 0 0 0 23 0 0 60 0 0 
10 0 34 0 0 0 0 47 0 0 28 0 0 0 24 23 0 0 49 0 0 0 9 0 0 0 0 0 52 0 0 13 0 0 0 16 0 0 0 0 0 0 0 0 0 6 0 25 0 0 41 0 0 0 0 0 54 0 0 14 0 31 0 0 0 54 0 30 7 0 0 0 60 0 45 0 0 0 0 0 6 54 41 27 0 0 39 12 0 55 23 0 0 0 0 39 0 27 0 45 
0 35 0 0 0 19 0 0 0 0 49 0 59 0 0 0 12 0 28 0 0 23 0 59 10 0 0 54 0 0 0 0 0 0 0 0 0 0 0 0 11 0 0 0 33 23 0 0 0 0 0 14 0 0 0 0 0 36 0 0 0 0 0 25 0 0 0 0 0 20 41 0 0 0 22 0 33 13 0 0 0 0 0 46 0 0 36 0 0 0 0 0 0 0 0 0 31 20 0 0 
0 0 52 0 0 0 47 0 30 16 0 0 0 59 0 0 0 0 0 0 0 0 0 0 43 0 58 0 0 0 0 0 0 0 0 0 0 0 49 0 48 0 0 0 8 0 43 0 53 0 0 0 0 0 53 54 0 0 49 9 57 0 0 0 0 0 0 0 0 0 0 0 47 0 0 22 6 0 26 0 0 0 0 43 0 31 0 54 21 0 0 0 0 0 0 0 31 0 25 25 
0 0 28 46 0 0 46 34 0 56 53 37 0 15 38 45 0 0 0 0 0 0 0 0 0 0 45 14 0 0 0 45 0 23 0 0 0 0 47 0 0 0 0 10 57 0 54 0 25 0 0 24 0 0 0 0 0 0 44 0 0 0 47 0 0 0 38 0 0 30 50 32 0 0 58 0 0 0 48 26 31 0 0 35 0 0 49 0 20 0 0 0 7 0 46 0 6 0 0 0 
35 38 57 23 16 0 0 0 17 0 0 0 0 0 0 0 17 0 0 0 0 0 0 0 14 0 0 48 0 31 31 0 0 45 7 10 0 0 0 0 0 0 0 0 0 60 0 0 0 0 60 0 0 0 0 0 31 12 55 0 0 0 0 0 0 0 0 0 0 0 0 0 0 0 0 22 6 43 0 0 0 0 38 0 53 0 0 0 0 9 19 54 21 0 0 0 25 0 54 0 
0 10 0 0 0 0 55 0 45 0 0 0 0 0 0 0 0 0 59 0 6 24 0 0 30 0 0 27 0 0 0 0 0 0 0 0 0 0 26 0 0 0 0 11 59 0 0 35 52 0 0 0 0 0 0 0 0 0 0 41 0 0 0 0 0 0 0 0 20 37 0 45 0 0 0 39 0 0 0 57 0 0 0 0 13 0 0 0 0 0 0 45 0 19 17 0 0 51 0 0 
36 0 0 58 0 0 0 0 32 0 0 18 0 0 21 37 49 0 0 0 0 0 43 0 37 56 0 53 44 0 52 12 59 0 0 0 0 0 43 0 0 0 0 0 0 0 37 0 52 0 0 0 57 0 0 0 0 0 13 0 0 0 0 0 0 0 0 0 0 25 0 0 0 31 41 0 0 23 51 0 0 0 22 8 6 0 49 0 0 42 0 0 0 9 7 0 0 0 7 0 
35 0 0 0 0 10 0 0 0 0 0 48 0 0 23 0 0 0 0 0 0 0 0 19 0 44 0 0 41 0 0 0 0 0 0 0 0 0 0 58 0 0 0 0 0 0 0 0 0 54 29 12 0 0 0 25 0 28 0 0 0 22 0 47 0 40 20 0 0 0 0 0 0 58 0 27 0 0 0 0 42 0 0 29 0 0 0 0 0 0 0 0 0 0 0 18 0 0 0 30 
0 0 38 0 0 44 50 22 24 0 47 0 0 0 0 0 0 6 0 0 0 0 18 42 0 21 0 50 0 17 0 0 13 49 27 0 0 0 52 0 0 0 0 0 0 40 0 49 0 0 0 18 0 0 0 0 9 0 0 10 0 39 0 0 0 21 0 0 0 0 0 0 0 0 41 0 30 0 0 20 21 56 0 16 0 0 0 0 0 0 55 0 0 20 19 59 6 0 0 0 
0 20 0 57 0 11 38 54 28 0 0 0 0 0 46 48 43 0 0 49 0 0 0 0 0 0 0 0 0 0 27 0 13 23 0 0 0 56 0 0 0 0 31 0 0 0 0 0 12 0 0 50 37 0 44 0 0 41 0 0 39 7 0 58 0 0 0 0 0 0 0 0 20 0 0 0 32 0 0 21 0 0 11 0 16 0 0 0 16 0 0 0 0 34 0 26 59 20 0 0 
0 0 0 0 0 0 23 0 35 16 0 0 0 0 0 45 0 23 0 0 0 0 14 0 0 0 23 0 0 0 0 8 0 0 0 0 15 13 0 0 0 0 0 0 42 0 0 0 0 0 0 0 0 20 0 8 0 0 0 0 0 30 0 0 0 34 0 0 0 0 0 39 52 0 0 54 0 0 0 59 39 0 0 0 41 0 51 0 10 58 11 18 0 0 40 10 0 58 0 0 
0 0 0 53 0 0 0 0 0 0 0 0 0 0 0 43 0 0 13 0 0 21 32 45 0 0 50 21 27 0 0 0 0 52 0 0 0 7 0 16 60 11 0 0 0 20 51 26 0 25 55 0 0 0 19 0 39 8 19 0 57 0 0 0 0 0 0 0 42 15 0 0 0 57 0 0 0 0 0 0 29 0 0 0 0 29 14 50 0 0 0 54 0 0 0 0 0 26 0 51 
0 0 0 0 0 0 0 40 35 7 0 0 0 0 0 7 0 18 0 0 0 43 0 32 0 0 0 0 0 0 0 0 0 0 59 0 0 42 0 57 0 27 41 45 0 0 0 19 0 0 0 0 17 52 25 0 25 22 20 0 0 0 26 15 33 52 0 39 0 55 0 0 0 46 56 0 0 0 0 26 0 0 0 0 0 0 54 0 22 18 47 41 0 0 44 0 0 0 60 12 
0 0 0 0 0 46 0 0 0 0 12 53 0 0 12 8 33 54 0 0 0 0 57 0 0 0 11 0 0 0 0 0 0 0 0 59 0 0 0 0 53 0 15 0 27 54 51 6 0 0 47 0 48 0 39 0 0 0 0 0 0 0 0 0 0 21 49 0 14 0 0 0 0 21 0 0 0 0 43 22 0 32 0 0 0 0 30 0 0 0 0 0 0 0 0 0 0 0 0 0 
0 0 0 39 32 24 26 0 0 0 0 55 0 27 20 0 0 0 44 47 0 25 57 0 0 16 0 0 0 0 33 0 0 0 0 0 0 0 0 0 0 46 40 0 0 0 0 0 27 0 26 0 0 19 0 14 0 45 28 52 51 0 21 0 0 0 0 0 15 0 0 0 9 0 40 46 0 0 0 0 50 49 21 0 0 0 0 50 0 0 41 0 43 49 0 0 0 0 27 0 
33 17 0 0 0 60 42 0 0 0 0 0 50 0 0 9 0 0 45 46 59 12 53 45 0 0 0 23 0 0 0 0 0 26 41 10 0 42 0 0 0 0 0 0 0 0 0 0 32 0 0 0 0 0 0 0 0 26 0 57 0 0 0 58 27 0 39 0 14 0 46 0 0 0 22 0 0 0 0 0 7 0 0 0 54 0 54 0 29 22 35 0 0 0 34 12 0 53 0 11 
30 0 0 50 0 0 37 51 0 0 12 0 0 0 0 41 0 0 45 0 0 0 0 0 0 0 0 0 0 26 0 47 59 0 0 0 0 0 0 0 0 0 0 0 0 0 0 32 47 30 11 41 36 0 0 0 32 0 0 0 10 0 0 42 0 14 0 0 0 53 48 0 0 15 35 0 0 0 9 0 0 7 0 0 0 0 0 34 17 0 0 0 0 0 0 0 0 0 53 0 
51 26 21 17 0 0 0 0 0 0 0 59 0 0 0 0 0 0 0 0 0 0 0 56 0 0 15 0 0 48 0 47 19 0 0 28 31 0 18 0 31 0 0 0 0 25 0 0 0 0 52 0 38 0 25 23 0 0 0 12 0 0 0 40 0 0 33 0 0 0 0 0 0 52 0 0 0 0 0 40 23 0 0 60 0 0 0 23 0 0 27 0 50 0 57 0 0 0 0 0 
0 42 49 39 0 0 0 12 0 0 0 0 0 0 0 14 0 0 16 0 0 0 50 0 0 31 0 50 21 0 0 0 0 0 0 0 0 0 0 45 0 9 0 0 0 0 0 9 0 0 0 0 0 0 0 0 0 0 33 42 0 47 0 34 0 0 27 0 7 31 0 0 0 0 0 43 0 0 0 0 0 0 0 0 17 8 0 0 0 25 0 0 0 0 0 47 54 57 0 0 
44 0 47 0 0 29 48 0 0 0 0 50 0 0 0 0 52 0 0 0 0 0 53 0 0 44 13 0 0 0 0 0 0 0 0 22 0 0 0 0 0 14 46 44 0 0 45 22 0 0 35 0 0 0 0 0 0 0 0 0 0 0 0 0 0 0 0 0 0 0 25 60 18 18 0 60 0 0 18 0 0 0 23 41 0 0 0 45 0 0 0 50 0 53 0 0 0 0 0 0 
35 46 0 0 0 0 0 0 0 0 0 0 0 0 0 59 0 6 0 0 0 16 23 23 0 0 0 51 0 0 0 0 0 0 0 20 0 0 0 0 0 0 0 0 54 0 0 0 0 39 0 28 0 12 0 0 0 0 0 0 0 0 28 0 0 0 0 0 53 50 25 0 39 15 0 0 0 30 0 39 0 28 0 0 49 0 33 0 13 0 0 0 13 0 0 0 0 0 59 32 
0 58 0 0 9 0 0 0 0 0 0 0 0 0 7 32 44 0 0 0 0 0 9 0 12 0 0 0 0 0 0 0 53 0 0 8 58 0 18 0 0 0 0 0 0 0 25 0 0 0 29 40 0 0 0 33 9 0 0 0 0 0 0 0 0 0 6 40 43 0 0 42 0 0 0 0 0 0 27 0 0 0 27 0 16 58 0 0 0 0 0 54 0 0 0 0 0 0 34 21 
0 0 0 0 0 41 0 0 0 23 0 51 0 0 0 38 0 8 0 0 38 0 0 0 0 0 0 0 0 19 0 0 0 0 0 0 0 0 31 0 0 0 0 0 0 0 0 0 0 0 60 0 0 0 0 0 14 0 28 0 25 41 0 0 0 0 0 0 0 0 0 48 0 0 0 16 28 0 0 51 23 0 0 0 37 0 28 12 0 11 55 0 0 0 0 53 0 0 0 0 
0 0 0 0 43 0 11 0 0 0 0 0 0 35 0 0 0 0 31 18 17 0 0 0 0 0 0 0 0 0 11 0 0 0 0 9 9 0 40 0 0 0 58 0 0 0 0 0 0 6 54 0 0 17 54 0 0 0 0 0 0 0 0 0 0 0 0 0 0 0 0 0 58 0 38 0 0 30 14 35 0 0 0 0 0 15 41 55 0 16 0 6 0 0 17 0 0 0 0 0 
0 0 35 0 0 0 0 0 31 0 0 0 0 0 0 36 37 59 0 0 46 0 55 0 0 0 0 10 0 56 0 7 0 0 0 0 0 0 0 0 56 11 11 47 0 25 0 0 0 0 9 0 0 10 0 51 0 56 15 33 0 0 0 0 0 0 23 0 0 9 16 0 0 0 14 0 0 0 16 0 0 36 0 0 0 35 0 53 28 0 0 0 0 0 0 0 0 0 14 0 
28 0 0 41 0 0 0 0 11 0 0 8 0 0 46 0 41 36 0 0 0 44 0 0 24 0 56 26 26 0 7 36 0 0 0 0 43 0 12 0 0 0 6 0 0 0 0 0 0 0 0 28 0 26 0 0 35 0 0 0 0 0 31 0 58 0 0 0 52 0 0 0 14 0 0 0 0 0 0 0 0 0 0 0 0 0 0 0 0 0 36 29 17 0 0 0 6 0 0 39 
0 25 0 0 0 42 0 0 0 48 60 31 0 0 0 0 0 0 17 0 0 0 0 9 0 0 0 0 0 0 0 0 59 40 44 32 0 50 33 0 20 0 0 0 0 0 0 0 0 55 33 0 0 0 0 0 0 45 0 0 0 0 48 56 0 0 0 43 6 0 0 0 52 0 16 0 0 0 0 39 0 0 0 0 0 0 0 30 0 0 0 0 0 0 39 25 0 0 0 0 
0 0 31 9 0 0 0 30 0 0 42 35 53 0 0 0 9 0 0 35 59 0 0 0 0 0 22 0 0 0 0 0 43 0 0 0 0 0 0 0 0 0 50 0 0 0 0 0 0 0 0 0 0 0 0 0 35 0 0 0 60 0 0 0 0 0 0 0 0 45 0 34 0 0 16 39 0 37 0 0 0 0 0 0 0 0 0 51 57 60 21 44 0 7 0 0 0 0 21 0 
57 0 0 0 0 0 0 39 0 0 41 0 54 32 45 0 26 0 0 0 0 0 0 53 45 0 43 0 27 0 0 0 45 12 51 0 23 0 0 39 0 35 0 38 0 0 55 39 40 0 0 0 0 0 0 0 0 0 0 21 0 0 10 0 0 0 0 46 0 0 0 0 17 0 0 0 0 0 0 0 0 0 0 0 0 0 37 8 0 0 0 0 0 0 0 0 0 43 0 0 
0 37 41 0 0 48 0 20 36 40 0 0 0 0 41 0 0 0 30 0 0 0 0 24 0 0 0 0 0 0 0 40 15 45 29 59 0 0 0 0 0 11 0 0 0 33 32 0 0 0 11 0 37 0 27 0 0 0 0 0 9 0 56 0 7 0 0 0 0 0 0 0 19 0 0 0 33 6 7 0 0 52 0 0 0 39 0 0 0 58 0 7 0 0 20 0 25 0 0 33 
0 0 0 0 0 0 31 0 0 0 0 0 0 0 49 56 43 0 0 22 0 16 0 0 16 0 0 0 34 0 0 0 0 0 0 0 0 17 0 40 0 0 0 0 0 20 0 0 0 0 0 0 0 0 38 16 0 7 10 8 0 48 56 0 25 0 0 18 15 0 0 30 0 0 34 31 0 0 0 0 0 0 29 0 0 0 24 0 53 0 0 0 0 31 0 0 0 0 0 0 
0 0 0 24 0 0 0 0 0 0 11 0 0 0 0 0 31 0 0 0 0 0 0 30 19 36 0 10 0 10 0 0 59 0 0 0 13 0 0 0 0 25 46 0 36 0 0 0 40 0 0 0 0 19 48 51 0 0 0 0 0 0 0 0 8 0 0 44 0 51 0 17 0 0 0 0 0 0 0 0 0 29 39 0 0 0 0 0 0 10 0 0 44 0 0 0 0 0 0 0 
0 6 28 35 33 28 0 0 0 0 33 31 0 0 0 0 29 0 0 39 0 0 11 0 0 0 0 42 0 22 0 0 0 33 17 0 39 0 0 0 0 0 0 0 53 0 0 0 0 0 0 0 0 7 0 27 0 0 0 0 32 0 0 25 58 29 0 0 7 0 0 14 25 0 33 0 0 0 9 31 0 23 42 0 0 0 0 0 0 0 54 0 0 0 0 0 0 0 19 0 
36 0 18 0 53 31 9 0 0 0 0 0 0 8 0 0 0 58 17 0 0 0 0 0 0 0 36 0 54 0 41 8 0 0 19 0 52 53 0 0 12 0 54 0 10 0 0 0 0 0 0 0 0 26 13 0 0 0 37 0 0 0 0 43 0 21 54 23 0 0 0 51 0 0 0 0 0 59 46 0 36 0 0 0 17 0 0 0 0 0 26 0 0 59 0 0 0 11 26 0 
0 0 47 50 0 0 0 0 18 0 0 0 0 0 0 0 0 0 0 0 0 0 35 0 0 11 0 0 23 0 8 0 0 0 44 0 0 0 14 0 48 0 0 0 0 0 13 0 0 0 0 0 0 0 0 0 0 0 0 57 0 0 0 0 12 0 0 8 0 0 52 58 0 0 0 0 0 0 0 0 0 0 0 7 40 0 0 20 0 0 0 0 0 0 0 0 0 0 0 14 
0 0 0 0 8 0 43 47 56 45 53 0 0 0 0 0 0 0 0 0 0 8 0 0 0 0 22 45 0 0 19 0 0 0 0 0 0 0 0 0 17 0 0 0 19 0 24 0 0 0 26 0 0 0 0 24 0 43 0 0 0 0 0 0 28 0 10 0 28 0 0 0 0 0 0 0 0 0 0 12 60 0 0 0 0 10 0 48 60 0 49 37 0 29 0 0 0 0 0 0 
0 0 52 25 37 16 0 0 47 0 0 0 0 0 0 0 0 0 0 0 0 0 0 0 0 0 0 0 0 24 9 40 15 54 0 39 0 0 35 18 11 0 0 0 0 0 0 0 0 0 0 0 15 0 0 7 0 0 59 0 0 0 0 0 11 0 33 0 45 0 51 0 0 0 0 19 0 0 53 0 0 39 21 0 0 0 0 0 45 0 0 0 37 0 7 30 30 0 0 0 
20 22 0 0 21 0 22 24 0 0 46 0 0 25 55 11 0 22 0 0 0 0 0 0 0 0 55 60 0 32 0 23 0 0 0 0 0 0 0 0 0 0 0 0 16 0 0 0 0 0 39 0 0 0 21 10 0 16 0 0 0 0 0 49 36 34 0 0 40 0 0 0 42 35 0 0 0 0 14 0 58 52 0 0 31 0 40 0 0 13 0 0 0 0 27 28 0 46 0 0 
0 0 0 0 0 0 20 0 0 0 0 13 0 0 0 35 0 52 48 0 0 0 0 34 60 0 16 0 35 0 0 0 0 0 9 46 45 0 0 0 0 7 0 0 26 20 0 0 0 39 0 33 23 0 0 0 42 48 41 0 0 14 0 0 0 0 0 0 50 0 0 7 10 0 22 0 0 45 0 11 0 0 0 0 0 53 0 0 37 0 39 8 19 0 0 57 0 0 0 0 
0 0 41 27 0 55 29 0 0 25 0 0 42 0 0 12 0 0 24 0 0 0 0 0 0 0 0 0 0 0 44 0 0 0 12 0 0 46 0 0 6 0 0 0 13 0 0 57 0 0 0 0 0 0 0 0 0 30 0 15 0 0 54 0 58 0 0 22 0 0 0 0 0 0 13 0 0 0 18 30 0 17 18 0 7 0 0 0 0 0 46 0 0 0 18 46 36 0 0 57 
0 47 12 20 0 0 29 7 0 0 0 0 0 38 14 0 0 60 0 0 37 0 0 0 0 0 0 0 41 0 0 39 0 0 0 0 0 0 0 0 25 31 0 0 0 41 0 0 45 0 0 0 27 54 0 0 0 0 0 0 0 0 0 0 0 53 0 0 0 0 50 0 0 0 0 0 51 0 0 0 0 0 0 0 0 27 51 0 51 0 0 0 0 0 0 11 51 59 0 0 
0 0 0 19 0 0 0 0 0 0 0 30 59 0 0 54 0 6 0 0 0 0 0 0 0 10 0 0 0 0 19 0 0 0 0 0 0 7 0 0 0 0 0 0 33 0 31 0 0 0 0 0 0 0 0 43 0 39 0 0 22 0 8 49 0 44 0 0 0 0 48 0 0 35 49 0 19 0 0 0 0 0 0 0 59 0 0 20 0 27 32 0 44 51 0 0 0 0 0 31 
0 0 0 0 37 0 0 55 16 0 0 32 36 14 0 0 0 0 18 0 0 0 0 0 0 37 0 0 0 0 0 0 0 0 15 0 47 0 0 50 0 0 14 0 0 0 60 0 0 0 16 32 0 0 0 29 53 0 0 0 0 53 51 0 0 43 0 16 32 0 0 0 0 0 0 0 0 0 0 22 0 12 0 0 0 0 32 0 0 0 24 0 0 0 0 0 47 13 0 0 
0 0 0 0 57 0 0 0 0 10 0 0 0 0 0 42 0 0 30 0 50 0 0 0 0 0 0 9 0 0 7 23 0 0 0 0 0 0 0 0 0 51 32 0 0 0 60 0 0 0 0 21 55 0 0 8 0 38 47 55 0 0 17 41 49 0 0 0 0 0 0 0 0 23 9 0 0 41 60 34 0 0 0 0 30 0 6 0 0 0 0 0 0 0 13 0 0 0 16 0 
0 17 0 0 0 0 19 0 49 19 53 0 0 0 0 0 0 0 0 0 33 0 0 9 42 0 0 46 15 0 31 0 9 0 0 0 0 34 0 0 0 0 0 0 42 45 0 0 0 0 0 50 34 27 0 0 6 0 0 0 0 0 0 0 48 19 0 60 0 0 0 0 0 42 40 0 0 0 0 24 0 0 29 0 0 10 46 0 0 44 0 0 0 16 0 0 0 20 8 43 
0 0 43 0 0 40 0 0 0 0 0 0 17 0 58 0 0 37 0 0 0 0 0 0 0 31 21 0 0 0 0 0 0 0 0 0 33 0 0 50 0 20 0 0 0 0 0 45 0 0 0 20 0 0 0 11 0 0 33 0 0 40 0 0 0 0 0 16 45 0 0 0 0 0 36 0 0 0 0 49 0 0 37 0 30 0 56 0 0 20 14 0 0 0 0 0 0 0 0 0 
0 11 58 0 0 0 0 0 0 0 0 50 0 0 0 0 0 0 34 0 0 0 0 46 0 0 0 0 0 0 0 0 60 0 0 0 24 0 0 0 0 0 0 0 0 0 0 0 0 0 0 0 0 0 44 59 0 0 0 53 0 0 0 0 0 11 0 0 0 0 0 0 0 49 0 44 60 0 0 0 0 0 38 25 0 12 0 0 0 0 0 0 0 0 0 51 0 31 27 0 
0 0 9 0 16 55 0 0 0 0 56 0 0 0 0 0 0 0 0 0 0 0 0 34 11 59 0 20 60 0 38 26 51 16 0 19 0 0 0 35 0 0 54 0 55 0 0 56 0 0 0 0 23 20 0 0 0 0 46 0 0 0 9 0 0 0 43 0 0 0 32 0 0 0 0 0 0 0 0 0 34 0 0 10 0 31 19 30 0 0 0 0 56 0 14 0 0 36 25 0 
0 30 0 28 27 28 41 0 44 0 0 0 0 25 39 0 0 0 21 0 9 0 33 44 0 0 0 0 0 0 0 0 28 59 0 0 17 0 0 0 38 0 27 0 0 0 52 29 0 0 0 0 53 0 0 0 0 0 0 0 0 41 0 0 0 0 0 50 53 0 0 0 14 43 0 0 41 0 0 0 0 0 0 0 0 17 0 0 0 60 0 0 22 0 22 32 0 16 44 0 
0 0 50 47 57 0 43 0 0 0 0 0 0 0 0 0 0 0 0 44 48 0 0 40 0 0 35 0 52 6 13 0 0 57 0 16 0 0 23 0 0 0 0 0 0 0 0 58 0 0 23 0 0 55 0 0 49 0 0 28 0 48 0 0 0 24 37 0 16 0 0 0 0 15 0 0 0 0 0 0 0 0 34 0 0 0 0 0 52 24 48 0 36 40 0 10 0 0 0 0 
13 0 37 0 0 0 0 0 0 0 0 0 59 0 0 0 0 0 0 0 0 0 25 0 56 17 0 0 0 0 0 0 0 21 0 58 0 42 46 23 53 0 0 0 21 11 0 27 0 0 0 0 0 0 15 0 0 0 0 0 0 9 0 0 0 0 0 0 0 0 0 17 0 0 0 0 8 0 39 0 0 0 0 0 29 0 0 22 0 37 35 0 24 32 42 16 0 34 0 0 
13 0 0 0 17 0 0 58 0 0 0 0 38 53 0 0 11 55 25 0 47 0 0 52 0 0 24 0 0 0 0 49 0 60 0 0 0 0 0 0 0 0 0 0 58 0 0 0 0 9 0 46 0 0 0 0 0 25 0 28 26 0 0 0 0 31 38 11 0 0 15 0 28 0 25 0 0 0 0 22 0 60 0 8 38 0 60 12 0 0 52 60 0 0 0 46 0 0 0 45 
48 45 0 18 0 0 0 0 0 0 0 0 0 21 0 0 0 0 0 45 0 0 0 20 38 0 0 48 0 0 0 0 0 0 48 0 47 0 12 53 30 0 56 30 0 0 37 0 0 14 0 34 0 0 0 0 0 0 0 0 0 0 39 0 0 0 0 55 0 21 0 0 0 24 0 0 0 0 0 16 0 0 35 0 52 0 10 0 0 0 56 49 0 0 23 42 0 55 0 0 
0 0 0 59 0 0 54 0 0 0 0 49 0 0 14 58 0 0 0 0 0 0 0 39 60 0 0 50 0 0 43 0 0 0 0 0 0 0 0 0 0 0 0 0 0 0 47 51 0 0 0 21 42 40 0 42 0 0 0 9 0 7 0 0 50 0 0 0 51 37 47 0 29 42 0 0 0 0 41 0 0 0 0 59 0 41 0 0 0 0 0 0 28 0 0 47 48 0 0 0 
0 0 0 0 0 12 0 0 0 0 19 0 0 0 0 0 6 0 51 0 0 0 0 0 0 0 0 0 0 0 56 0 0 0 0 23 0 59 16 38 29 0 0 30 0 19 0 46 0 0 18 0 0 0 0 23 25 27 0 12 0 0 59 0 0 0 0 44 0 0 0 0 0 15 0 0 0 6 0 0 53 0 0 0 11 0 32 0 0 0 0 22 0 59 0 16 0 0 32 20 
0 0 0 0 24 0 22 0 0 0 0 19 0 0 0 27 48 0 0 0 0 25 48 0 0 0 0 0 6 58 38 28 0 0 0 0 43 0 0 60 0 0 60 0 17 0 0 0 0 0 0 0 0 0 56 0 0 0 0 55 0 0 0 0 42 0 42 0 42 44 0 0 7 18 0 0 0 0 0 0 0 0 0 0 0 0 0 0 0 0 0 27 12 0 0 45 0 55 0 0 
0 0 0 0 0 24 32 0 22 18 0 0 35 0 12 0 0 0 30 0 0 0 0 0 0 28 0 0 0 14 36 0 37 22 0 0 0 0 0 0 0 33 0 0 0 36 0 0 0 0 52 0 0 23 0 0 0 0 0 53 0 0 43 26 24 0 0 0 0 0 39 0 0 19 0 0 0 0 0 0 28 0 0 0 32 58 0 0 0 0 0 0 38 0 34 0 0 0 0 30 
32 0 0 40 0 46 0 0 16 0 0 0 0 0 0 0 53 49 0 45 0 36 24 0 12 0 0 0 0 0 51 0 0 0 45 0 0 54 0 12 0 0 0 0 0 0 0 33 28 0 0 0 0 0 0 31 42 0 0 12 0 16 0 0 38 0 15 22 24 0 23 0 49 37 37 0 11 0 0 0 0 0 30 57 0 0 0 54 28 45 0 0 0 0 0 0 0 0 0 40 
0 0 0 0 0 41 0 0 0 0 39 0 23 0 0 0 14 23 0 0 0 34 0 0 0 0 0 36 0 0 0 0 27 15 45 0 15 0 29 0 0 39 0 0 0 0 24 0 0 0 0 0 0 18 0 0 0 0 0 0 0 0 0 29 0 0 0 0 47 51 0 36 31 16 0 53 0 0 0 0 57 11 0 0 15 0 0 0 0 0 31 0 0 0 0 0 7 0 0 24 
0 0 0 40 0 0 27 0 0 15 35 33 0 0 0 21 0 38 0 0 37 0 0 0 59 0 0 46 0 0 0 12 31 0 0 0 0 0 0 0 0 0 0 0 0 0 0 0 0 0 0 22 0 0 32 0 26 0 7 0 0 0 0 0 36 0 0 0 0 0 0 0 0 0 52 0 0 29 0 0 35 0 0 0 8 0 0 43 41 0 0 23 0 0 59 0 0 0 0 0 
0 32 0 0 0 0 0 0 0 0 0 0 0 19 0 24 0 0 0 0 0 56 0 0 0 0 0 17 0 0 0 0 0 0 0 19 0 0 0 0 0 0 0 0 0 0 47 0 0 0 0 0 0 0 0 0 0 0 45 24 19 0 0 0 19 0 38 41 29 0 0 25 45 0 0 0 0 0 0 14 22 0 41 29 0 46 0 0 23 10 0 0 21 0 0 12 0 0 0 0 
0 29 30 0 0 0 0 0 55 0 0 0 7 0 0 30 0 0 0 31 0 0 0 0 0 0 0 0 0 0 0 0 0 0 0 0 0 0 0 0 40 39 0 0 0 0 0 0 0 0 0 0 28 0 0 0 0 0 0 42 0 0 29 0 0 0 0 20 0 0 25 0 17 0 16 7 7 0 18 0 50 6 30 0 0 0 0 0 0 0 0 27 0 0 0 0 0 0 25 0 
0 44 25 0 0 0 0 0 27 0 0 13 0 0 0 53 0 0 53 33 16 15 60 38 27 0 0 0 0 0 0 0 58 0 0 0 0 0 0 0 16 0 0 0 0 0 0 0 0 0 0 0 15 54 9 0 0 27 0 0 0 33 0 0 11 0 0 0 0 43 0 0 0 0 0 0 0 0 0 0 0 37 0 0 0 50 0 0 0 0 0 0 0 0 0 0 0 0 0 12 
0 0 58 18 27 0 0 0 0 52 48 14 0 0 37 0 0 56 14 12 0 0 46 8 0 0 0 0 41 24 0 0 31 51 0 0 10 0 47 0 0 0 38 0 0 0 0 50 46 52 0 0 20 0 0 0 0 0 42 31 10 0 0 0 37 0 11 0 0 0 0 0 0 0 0 0 0 8 0 0 0 0 55 0 0 0 0 0 0 7 23 0 0 59 0 0 59 0 0 56 
0 33 0 45 28 0 50 25 0 14 0 10 20 0 0 0 0 0 0 23 0 0 0 60 24 0 0 0 0 0 19 17 0 23 0 0 53 0 0 0 0 0 0 0 35 11 0 0 0 0 0 0 0 53 22 0 0 10 0 0 54 0 0 0 0 0 0 38 0 0 19 58 0 0 53 8 0 53 0 0 0 0 36 0 0 26 29 0 0 27 53 58 14 0 0 34 25 0 0 0 
0 0 41 0 0 0 0 0 0 0 0 0 48 0 0 0 0 0 47 0 6 40 0 0 46 0 42 0 0 0 0 0 0 0 0 0 0 0 0 0 13 45 0 47 0 0 0 28 12 0 0 0 45 0 49 13 0 23 0 16 0 18 15 0 0 0 0 0 38 0 60 7 0 0 0 0 53 0 0 0 0 0 0 0 0 0 0 0 16 0 0 0 0 33 0 0 51 0 0 0 
0 0 13 0 0 0 28 41 60 0 28 54 0 7 0 0 0 35 0 0 47 30 0 0 39 0 56 18 0 50 0 41 0 12 55 30 0 0 31 0 0 0 0 19 0 0 0 30 57 0 0 0 0 0 0 0 52 0 0 0 0 0 0 0 0 26 12 0 0 0 0 0 0 0 0 0 0 0 0 0 0 15 0 0 7 12 0 0 0 51 0 0 0 0 0 0 0 0 0 18 
0 0 0 56 9 32 0 0 0 17 0 0 47 36 0 0 6 36 0 0 0 0 0 60 10 0 25 0 0 6 0 0 0 0 0 0 0 0 0 29 0 0 0 52 0 0 0 45 26 0 15 0 8 0 0 48 0 0 0 0 0 0 0 0 21 0 8 0 0 0 12 0 54 0 0 0 30 0 12 55 0 0 0 0 0 0 10 0 8 0 0 0 0 55 0 58 0 0 0 40 
0 0 0 0 48 20 10 0 0 0 0 48 49 0 0 0 0 0 23 9 37 0 0 0 0 0 35 47 0 56 0 28 0 47 41 0 0 0 0 0 0 0 0 0 0 0 0 0 18 28 58 0 50 16 0 0 0 28 0 0 0 17 0 0 0 0 0 0 0 0 0 0 54 25 0 29 36 56 0 0 0 0 0 34 0 0 0 0 38 40 0 0 0 60 42 41 0 0 0 0 
0 48 0 0 0 0 0 27 0 0 28 13 13 0 0 0 0 0 0 0 34 0 0 0 0 0 44 30 0 0 11 0 16 0 0 0 30 0 33 0 0 0 47 0 17 0 33 0 0 6 0 31 0 0 0 0 40 6 0 0 29 0 0 0 0 0 0 0 14 49 0 0 0 33 0 0 0 17 0 51 28 0 0 0 27 0 0 58 0 0 0 53 0 11 24 0 40 0 0 0 
0 0 0 0 0 0 49 0 0 0 0 13 31 0 38 14 7 0 0 31 0 0 50 0 57 0 0 0 0 0 0 14 0 0 0 0 0 26 0 16 0 0 46 0 0 0 0 0 0 37 0 22 54 0 32 0 0 0 15 0 0 0 0 37 0 0 0 0 0 0 42 0 14 0 0 32 0 0 0 0 0 42 0 0 0 0 60 0 0 0 0 27 0 0 0 41 0 0 0 0 
0 21 0 0 0 0 0 0 0 0 0 0 0 0 0 0 0 24 53 0 0 26 21 0 49 14 0 59 0 0 0 0 59 0 22 29 0 0 0 0 8 0 38 0 0 11 0 11 0 0 59 0 0 0 0 0 0 0 0 0 46 0 0 0 0 0 0 17 52 20 0 53 0 0 0 0 58 59 0 0 0 0 0 0 12 0 33 0 0 0 0 0 49 0 23 0 0 28 9 10 
11 53 30 0 0 6 0 0 0 0 0 0 0 52 6 0 0 0 0 39 54 28 0 0 0 0 46 45 0 39 25 0 0 52 39 0 0 0 0 0 0 21 0 0 10 0 0 0 0 41 0 0 0 58 0 28 0 0 0 0 0 0 0 31 0 0 0 0 0 0 40 0 34 0 0 0 0 0 0 0 0 0 0 0 0 0 23 0 0 0 0 0 0 31 38 0 34 0 37 27 
0 0 22 0 0 0 0 0 18 0 0 0 0 0 0 58 0 0 0 0 0 53 33 50 0 0 0 0 0 33 0 0 0 0 0 0 0 0 0 0 0 0 0 0 43 54 59 0 0 21 0 0 0 0 9 0 0 35 0 56 34 0 0 0 0 0 41 0 0 0 0 0 11 11 8 0 0 0 0 0 0 39 39 0 0 0 38 7 0 30 0 0 0 0 0 0 0 0 0 0 
0 0 0 0 6 0 35 0 0 0 0 22 0 0 24 0 0 0 0 27 0 0 14 0 0 44 0 0 0 0 60 40 47 36 0 31 0 0 0 0 0 52 0 0 0 0 0 0 0 0 59 0 43 22 0 0 0 0 0 0 0 0 44 42 0 0 0 0 0 0 0 0 0 0 0 33 17 21 0 0 0 0 0 34 49 0 0 40 9 0 0 0 0 0 21 0 0 25 0 12 
0 18 0 0 0 0 0 19 0 0 0 21 0 0 0 0 0 18 0 44 0 28 0 25 0 0 21 0 14 39 0 0 0 0 44 0 46 0 0 0 55 0 16 0 0 0 43 0 0 19 0 8 0 0 0 0 0 21 34 0 0 55 10 0 0 0 0 0 48 49 9 0 0 36 0 0 0 0 10 0 0 21 0 0 0 0 26 0 0 0 10 0 28 0 31 0 0 0 0 0 
59 0 0 0 0 58 0 0 0 0 58 0 13 0 15 0 0 0 45 0 41 0 20 0 0 0 0 0 0 0 0 0 0 0 49 41 0 28 0 0 0 39 0 0 54 12 13 0 45 0 0 0 0 0 0 23 23 0 0 0 15 0 20 0 0 0 28 0 29 0 0 0 0 0 0 37 0 0 47 38 0 0 0 0 0 0 0 19 0 41 0 20 42 0 0 60 0 9 40 0 
0 0 0 0 10 19 0 0 0 7 0 40 20 6 0 0 0 12 0 0 0 0 0 48 0 47 35 0 0 0 0 0 36 0 0 29 0 12 0 0 53 0 0 12 0 37 0 0 0 0 0 0 35 51 0 0 0 0 16 0 0 0 7 0 0 0 22 0 0 0 22 42 0 31 0 0 0 0 56 0 49 0 0 0 0 0 0 0 34 0 0 0 0 21 0 54 0 39 0 0 
0 0 49 0 33 0 0 11 0 0 0 12 0 0 0 0 0 43 0 0 0 17 23 0 0 0 0 9 0 0 36 0 57 25 25 0 0 48 0 0 0 0 0 0 0 0 0 0 0 0 0 0 39 20 0 0 55 0 0 0 0 48 0 0 0 34 0 0 0 36 58 0 0 0 0 0 0 0 0 0 0 0 0 44 0 48 0 0 0 18 42 33 51 49 0 10 0 0 0 0 
22 0 27 0 0 0 0 27 51 0 41 0 15 25 0 0 7 0 0 22 0 0 0 0 0 0 47 0 0 17 10 0 52 0 0 58 32 0 54 0 0 0 22 0 0 0 0 0 0 0 0 0 0 0 0 46 44 0 0 0 10 7 60 24 27 0 43 0 0 31 0 0 0 0 26 0 0 0 0 0 0 58 0 0 0 0 0 0 6 0 0 0 32 0 0 0 22 0 0 8 
0 19 0 41 54 0 29 0 0 0 23 0 38 0 0 0 9 48 0 0 13 29 59 12 0 0 21 0 53 26 0 0 0 0 0 18 0 0 0 0 0 0 0 13 0 0 0 8 39 0 10 0 0 0 0 0 0 37 0 0 59 0 0 31 0 8 56 0 0 0 0 37 40 0 28 41 55 0 0 0 0 0 52 0 26 0 0 14 0 60 0 26 33 0 0 0 0 0 0 0 
56 0 0 44 0 0 0 0 0 0 0 0 0 0 41 0 0 0 0 0 0 0 0 0 0 0 0 0 20 0 0 0 21 43 33 34 55 0 0 57 0 0 58 0 0 45 0 0 42 24 32 0 0 0 0 21 0 0 0 0 11 0 52 0 0 0 6 0 57 57 0 56 0 0 0 0 0 0 0 0 0 25 0 49 0 0 0 22 0 14 0 0 30 0 8 60 0 0 0 0 
0 44 0 0 0 0 17 0 19 0 0 0 40 21 0 18 0 0 53 0 0 0 0 0 0 0 0 0 0 0 0 19 0 41 0 0 0 0 0 0 0 0 11 0 0 47 0 22 0 13 0 31 0 0 0 0 0 15 39 0 0 52 56 49 0 0 0 48 0 0 0 0 0 19 42 36 0 0 0 0 49 0 27 0 0 0 0 44 0 49 0 22 0 0 53 0 0 0 0 0 
0 0 0 0 0 0 0 0 37 40 0 20 0 0 0 0 0 0 0 46 0 0 46 0 0 0 0 0 13 0 0 8 0 22 41 48 0 0 0 0 0 0 0 0 46 0 0 0 0 0 13 11 27 60 26 23 0 0 0 0 0 0 0 0 0 20 0 0 50 50 0 0 18 0 0 0 15 0 0 0 0 0 0 0 0 0 0 34 0 0 0 0 13 0 0 57 0 0 32 0 
0 0 0 0 0 0 0 0 0 59 0 23 37 29 0 22 0 0 38 32 0 0 43 0 0 58 0 0 56 14 56 0 0 0 0 0 16 0 0 11 0 31 0 0 0 0 18 54 0 0 0 35 0 40 11 0 0 0 28 0 45 0 0 0 0 35 0 0 41 51 0 0 0 48 0 32 0 0 13 0 0 12 47 0 0 40 38 0 0 0 53 0 0 42 0 17 0 0 14 39 
0 0 0 0 0 0 58 0 0 0 0 0 0 0 27 0 0 33 0 0 0 49 0 0 55 17 0 0 0 0 0 26 0 0 0 0 0 27 0 0 15 0 0 0 13 45 60 0 60 31 0 0 0 24 6 0 0 0 0 0 58 0 0 24 34 0 54 26 0 0 12 0 0 0 0 16 0 16 18 0 0 16 0 0 0 0 0 41 0 0 0 0 30 0 7 0 0 9 15 0 
0 0 24 0 0 0 37 0 0 0 0 0 0 0 0 13 0 0 0 0 45 0 0 0 0 0 0 0 57 0 0 0 0 43 53 0 0 0 0 0 39 0 10 0 0 20 0 0 0 22 0 57 35 0 46 0 26 0 35 0 13 0 11 0 8 0 41 0 59 50 0 16 0 36 57 0 0 49 0 0 44 0 13 31 13 54 0 0 8 0 0 8 0 0 0 0 50 48 34 0 
0 30 0 23 33 0 0 0 0 22 8 0 0 0 28 0 10 36 0 11 0 13 59 0 0 0 0 0 19 0 0 0 0 0 0 0 0 37 0 0 0 0 0 50 0 0 0 12 0 0 46 0 0 0 0 8 0 0 0 0 0 0 0 0 51 0 0 0 0 0 0 0 0 0 0 0 0 0 0 0 0 0 0 50 0 0 0 19 0 0 32 0 0 17 29 56 15 0 0 0 
0 0 0 0 13 0 0 0 41 34 0 0 0 0 0 0 0 42 40 16 59 17 41 0 60 0 0 30 0 0 13 0 0 16 22 0 35 0 0 0 0 34 0 0 59 0 0 0 29 0 0 17 0 0 0 50 0 0 51 56 0 0 0 21 10 0 56 0 0 17 37 23 0 18 0 26 0 0 0 0 0 0 8 0 0 41 0 0 0 0 0 0 9 0 18 33 0 0 0 0 
0 0 15 0 36 40 0 0 0 0 0 0 11 0 0 0 0 0 0 0 0 0 0 0 0 0 0 0 19 0 0 0 0 0 0 0 10 0 0 40 0 0 0 0 58 0 0 42 0 0 0 30 0 0 60 0 47 0 0 0 0 0 0 0 7 40 0 60 0 0 43 0 0 0 0 0 43 0 19 0 0 0 0 44 0 0 0 0 0 0 0 0 0 0 16 0 34 13 0 0 
0 36 58 21 0 0 0 0 0 0 14 0 34 0 23 0 0 58 40 39 0 30 55 0 0 0 0 29 0 0 12 0 0 0 0 0 16 0 0 0 0 9 0 0 0 0 0 45 60 14 0 28 53 0 0 0 0 49 15 0 54 0 39 0 0 0 59 0 0 22 0 0 39 0 0 0 0 0 0 0 0 45 0 0 0 0 0 0 30 0 19 0 0 0 0 0 45 0 0 0 
0 0 54 53 59 0 25 0 0 0 0 0 0 0 0 0 58 30 0 25 0 0 12 0 0 44 11 0 0 29 21 0 0 60 0 0 0 0 0 0 0 0 0 39 0 0 0 22 0 0 0 36 0 0 0 14 0 0 0 0 0 0 0 0 41 0 53 0 0 0 0 0 10 0 7 0 0 0 0 0 0 0 46 18 0 0 0 0 0 0 0 0 0 0 0 0 0 33 24 32 
0 0 0 30 48 0 0 10 43 27 51 0 24 56 25 26 0 0 0 0 0 0 0 0 0 28 13 26 0 0 0 0 0 0 15 0 0 0 0 0 0 0 0 0 0 0 38 0 58 56 0 57 0 0 0 0 0 0 0 0 0 0 0 0 0 0 0 24 0 0 0 0 0 0 0 0 0 0 59 0 0 0 0 0 0 45 0 12 0 0 0 23 14 0 0 0 0 0 0 0 
0 14 0 0 0 0 0 0 38 14 47 50 0 0 8 0 0 0 18 0 0 50 0 0 0 0 0 0 0 0 0 31 33 43 0 0 0 0 0 0 0 28 0 0 0 6 0 0 52 0 0 0 47 0 0 0 0 0 0 0 20 23 57 0 0 0 21 9 14 0 0 0 0 0 0 0 0 0 0 0 0 18 0 0 0 0 0 0 13 0 24 0 0 45 0 46 12 0 23 0 
0 0 0 31 0 0 0 0 0 0 0 0 0 0 0 0 0 0 31 39 0 24 0 0 60 0 60 57 50 20 51 0 12 0 0 29 0 0 26 59 0 0 0 0 16 42 27 0 0 0 0 0 0 0 41 0 0 0 0 0 0 58 0 38 0 0 0 0 0 0 28 0 27 0 0 0 0 0 0 60 45 42 0 0 0 0 0 48 0 0 0 0 0 38 0 55 0 7 0 0 
0 14 0 37 0 0 0 50 0 0 53 0 15 0 12 21 21 9 36 9 0 0 0 21 0 0 10 0 0 40 0 0 0 0 0 0 0 0 0 0 60 57 30 0 19 43 0 0 15 0 0 0 0 0 0 0 42 40 0 0 32 0 27 0 0 0 0 0 0 0 24 0 28 0 0 0 0 0 0 0 14 0 11 30 0 0 49 0 0 0 0 0 0 0 0 0 20 0 0 0 
0 0 0 0 30 0 0 0 44 0 0 0 0 0 0 0 0 50 27 26 6 0 53 0 6 23 0 0 0 8 0 0 8 0 0 0 0 0 47 0 0 0 0 0 0 16 42 0 0 0 0 0 0 0 0 0 0 0 31 0 0 0 31 29 0 0 0 0 0 37 0 0 0 35 0 0 0 0 0 0 0 0 0 0 0 0 0 0 36 0 0 0 0 15 31 51 0 0 0 0 
0 18 0 42 0 0 0 0 0 0 0 26 0 0 31 50 54 0 41 58 0 56 0 31 0 0 0 0 57 0 43 19 0 0 10 0 0 26 20 0 0 0 0 0 0 0 0 58 29 0 0 0 0 0 46 49 0 11 0 0 0 0 0 34 43 0 0 0 0 38 0 0 0 0 0 24 0 0 0 0 33 0 0 0 0 33 0 0 9 0 59 56 31 31 0 0 0 0 0 0 
0 43 21 13 56 0 0 0 0 39 0 0 0 28 0 0 10 35 0 19 27 0 41 0 0 0 0 0 0 0 0 0 0 0 0 0 22 0 0 0 0 0 0 0 0 0 0 31 0 0 0 0 46 53 0 0 0 28 0 27 50 0 0 37 50 17 32 0 0 59 42 0 14 0 14 0 47 0 22 0 60 23 28 16 15 0 0 0 7 0 0 11 33 9 0 0 0 18 0 0 

18 0 23 0 0 0 0 0 0 0 20 0 0 0 0 25 15 0 17 25 0 0 24 16 21 0 0 0 0 0 15 0 0 0 18 0 0 0 0 0 0 0 0 0 0 23 0 25 0 16 0 0 0 0 0 0 20 25 0 24 0 22 0 24 24 0 17 17 0 0 0 0 0 23 0 0 0 0 0 16 0 0 0 0 0 0 24 22 0 0 0 0 0 0 16 0 0 20 0 0 
17 0 17 0 0 0 0 19 0 0 16 0 0 0 21 20 0 0 22 0 0 0 19 0 0 0 0 0 22 0 0 19 0 0 0 17 0 0 0 0 0 0 0 0 0 24 0 22 0 0 15 0 0 0 0 0 19 0 0 19 0 21 0 0 0 16 0 20 25 0 0 0 16 0 24 0 0 0 0 0 23 15 24 23 0 0 22 22 0 23 17 0 0 0 0 15 0 16 0 24 
0 17 0 0 0 17 0 0 0 0 18 0 21 0 0 0 19 0 17 0 0 21 0 22 23 0 0 24 0 0 0 0 0 0 0 0 0 0 0 0 18 0 0 0 17 17 0 0 0 0 0 23 0 0 0 0 0 24 0 0 0 0 0 16 0 0 0 0 0 19 20 0 0 0 23 0 25 25 0 0 0 0 0 24 0 0 23 0 0 0 0 0 0 0 0 0 20 18 0 0 
0 0 18 0 0 0 19 0 20 15 0 0 0 19 0 0 0 0 0 0 0 0 0 0 18 0 22 0 0 0 0 0 0 0 0 0 0 0 15 0 20 0 0 0 25 0 25 0 19 0 0 0 0 0 25 15 0 0 15 25 21 0 0 0 0 0 0 0 0 0 0 0 20 0 0 22 19 0 16 0 0 0 0 19 0 25 0 22 17 0 0 0 0 0 0 0 24 0 24 17 
0 0 21 17 0 0 15 15 0 25 18 17 0 17 22 18 0 0 0 0 0 0 0 0 0 0 22 19 0 0 0 24 0 24 0 0 0 0 21 0 0 0 0 22 23 0 15 0 16 0 0 23 0 0 0 0 0 0 15 0 0 0 18 0 0 0 15 0 0 22 18 25 0 0 22 0 0 0 25 22 22 0 0 20 0 0 21 0 15 0 0 0 24 0 24 0 19 0 0 0 
25 15 23 16 24 0 0 0 15 0 0 0 0 0 0 0 17 0 0 0 0 0 0 0 15 0 0 17 0 16 23 0 0 23 21 23 0 0 0 0 0 0 0 0 0 15 0 0 0 0 21 0 0 0 0 0 19 25 25 0 0 0 0 0 0 0 0 0 0 0 0 0 0 0 0 15 17 25 0 0 0 0 17 0 18 0 0 0 0 15 15 25 23 0 0 0 15 0 24 0 
0 22 0 0 0 0 19 0 24 0 0 0 0 0 0 0 0 0 18 0 22 16 0 0 17 0 0 18 0 0 0 0 0 0 0 0 0 0 19 0 0 0 0 23 17 0 0 24 22 0 0 0 0 0 0 0 0 0 0 18 0 0 0 0 0 0 0 0 21 18 0 22 0 0 0 16 0 0 0 20 0 0 0 0 21 0 0 0 0 0 0 24 0 22 23 0 0 20 0 0 
24 0 0 25 0 0 0 0 16 0 0 23 0 0 19 21 17 0 0 0 0 0 25 0 17 20 0 17 20 0 25 19 19 0 0 0 0 0 19 0 0 0 0 0 0 0 17 0 25 0 0 0 17 0 0 0 0 0 19 0 0 0 0 0 0 0 0 0 0 22 0 0 0 20 25 0 0 25 22 0 0 0 15 21 23 0 20 0 0 25 0 0 0 24 18 0 0 0 25 0 
20 0 0 0 0 17 0 0 0 0 0 21 0 0 25 0 0 0 0 0 0 0 0 15 0 24 0 0 19 0 0 0 0 0 0 0 0 0 0 22 0 0 0 0 0 0 0 0 0 24 20 17 0 0 0 22 0 24 0 0 0 21 0 23 0 22 24 0 0 0 0 0 0 16 0 25 0 0 0 0 20 0 0 22 0 0 0 0 0 0 0 0 0 0 0 19 0 0 0 24 
0 0 18 0 0 22 18 20 17 0 19 0 0 0 0 0 0 23 0 0 0 0 20 19 0 25 0 22 0 22 0 0 18 16 17 0 0 0 17 0 0 0 0 0 0 22 0 23 0 0 0 21 0 0 0 0 18 0 0 15 0 25 0 0 0 23 0 0 0 0 0 0 0 0 17 0 18 0 0 23 22 19 0 24 0 0 0 0 0 0 23 0 0 20 17 20 20 0 0 0 
0 15 0 17 0 18 19 18 19 0 0 0 0 0 19 23 17 0 0 24 0 0 0 0 0 0 0 0 0 0 25 0 25 20 0 0 0 24 0 0 0 0 19 0 0 0 0 0 18 0 0 17 25 0 20 0 0 20 0 0 16 20 0 18 0 0 0 0 0 0 0 0 16 0 0 0 23 0 0 15 0 0 20 0 16 0 0 0 18 0 0 0 0 25 0 22 21 17 0 0 
0 0 0 0 0 0 20 0 24 21 0 0 0 0 0 22 0 22 0 0 0 0 18 0 0 0 20 0 0 0 0 24 0 0 0 0 19 23 0 0 0 0 0 0 25 0 0 0 0 0 0 0 0 18 0 18 0 0 0 0 0 23 0 0 0 15 0 0 0 0 0 19 18 0 0 16 0 0 0 23 18 0 0 0 17 0 22 0 18 19 25 20 0 0 23 18 0 21 0 0 
0 0 0 16 0 0 0 0 0 0 0 0 0 0 0 24 0 0 16 0 0 16 22 23 0 0 19 20 22 0 0 0 0 19 0 0 0 17 0 19 16 25 0 0 0 24 15 15 0 20 25 0 0 0 19 0 15 20 23 0 24 0 0 0 0 0 0 0 19 17 0 0 0 18 0 0 0 0 0 0 22 0 0 0 0 22 17 19 0 0 0 23 0 0 0 0 0 22 0 19 
0 0 0 0 0 0 0 21 20 23 0 0 0 0 0 19 0 21 0 0 0 17 0 15 0 0 0 0 0 0 0 0 0 0 24 0 0 21 0 15 0 20 24 22 0 0 0 23 0 0 0 0 19 15 24 0 19 21 24 0 0 0 20 24 24 15 0 20 0 20 0 0 0 22 24 0 0 0 0 23 0 0 0 0 0 0 20 0 23 25 20 16 0 0 23 0 0 0 22 20 
0 0 0 0 0 24 0 0 0 0 21 23 0 0 18 24 20 23 0 0 0 0 25 0 0 0 19 0 0 0 0 0 0 0 0 18 0 0 0 0 24 0 19 0 19 16 16 24 0 0 25 0 19 0 17 0 0 0 0 0 0 0 0 0 0 18 18 0 17 0 0 0 0 25 0 0 0 0 19 15 0 15 0 0 0 0 18 0 0 0 0 0 0 0 0 0 0 0 0 0 
0 0 0 19 21 19 25 0 0 0 0 17 0 21 18 0 0 0 21 19 0 18 23 0 0 24 0 0 0 0 24 0 0 0 0 0 0 0 0 0 0 24 23 0 0 0 0 0 20 0 23 0 0 21 0 18 0 23 22 16 21 0 23 0 0 0 0 0 22 0 0 0 15 0 18 25 0 0 0 0 21 17 24 0 0 0 0 24 0 0 18 0 23 18 0 0 0 0 16 0 
19 18 0 0 0 22 25 0 0 0 0 0 25 0 0 22 0 0 18 17 21 22 25 18 0 0 0 24 0 0 0 0 0 23 17 18 0 19 0 0 0 0 0 0 0 0 0 0 24 0 0 0 0 0 0 0 0 16 0 19 0 0 0 25 16 0 17 0 24 0 16 0 0 0 21 0 0 0 0 0 18 0 0 0 21 0 24 0 21 17 22 0 0 0 20 16 0 23 0 23 
23 0 0 25 0 0 18 23 0 0 19 0 0 0 0 16 0 0 19 0 0 0 0 0 0 0 0 0 0 18 0 20 25 0 0 0 0 0 0 0 0 0 0 0 0 0 0 23 21 21 24 23 15 0 0 0 21 0 0 0 25 0 0 18 0 22 0 0 0 21 22 0 0 23 21 0 0 0 25 0 0 23 0 0 0 0 0 24 25 0 0 0 0 0 0 0 0 0 19 0 
20 16 17 18 0 0 0 0 0 0 0 22 0 0 0 0 0 0 0 0 0 0 0 22 0 0 22 0 0 25 0 15 20 0 0 24 24 0 22 0 16 0 0 0 0 24 0 0 0 0 25 0 25 0 20 22 0 0 0 15 0 0 0 15 0 0 23 0 0 0 0 0 0 19 0 0 0 0 0 22 20 0 0 15 0 0 0 21 0 0 21 0 25 0 15 0 0 0 0 0 
0 20 22 21 0 0 0 17 0 0 0 0 0 0 0 25 0 0 20 0 0 0 15 0 0 16 0 20 18 0 0 0 0 0 0 0 0 0 0 19 0 25 0 0 0 0 0 16 0 0 0 0 0 0 0 0 0 0 15 15 0 25 0 25 0 0 25 0 21 22 0 0 0 0 0 23 0 0 0 0 0 0 0 0 21 16 0 0 0 15 0 0 0 0 0 16 16 17 0 0 
15 0 20 0 0 17 22 0 0 0 0 23 0 0 0 0 25 0 0 0 0 0 21 0 0 23 23 0 0 0 0 0 0 0 0 16 0 0 0 0 0 22 15 15 0 0 22 23 0 0 20 0 0 0 0 0 0 0 0 0 0 0 0 0 0 0 0 0 0 0 19 23 23 19 0 25 0 0 21 0 0 0 25 25 0 0 0 17 0 0 0 25 0 15 0 0 0 0 0 0 
23 24 0 0 0 0 0 0 0 0 0 0 0 0 0 24 0 17 0 0 0 24 16 25 0 0 0 21 0 0 0 0 0 0 0 20 0 0 0 0 0 0 0 0 18 0 0 0 0 15 0 20 0 15 0 0 0 0 0 0 0 0 18 0 0 0 0 0 25 17 16 0 18 16 0 0 0 19 0 21 0 20 0 0 21 0 18 0 21 0 0 0 25 0 0 0 0 0 20 25 
0 19 0 0 25 0 0 0 0 0 0 0 0 0 18 25 17 0 0 0 0 0 21 0 16 0 0 0 0 0 0 0 22 0 0 22 25 0 24 0 0 0 0 0 0 0 19 0 0 0 22 22 0 0 0 22 20 0 0 0 0 0 0 0 0 0 16 15 21 0 0 21 0 0 0 0 0 0 19 0 0 0 15 0 22 21 0 0 0 0 0 24 0 0 0 0 0 0 17 25 
0 0 0 0 0 21 0 0 0 21 0 15 0 0 0 15 0 22 0 0 23 0 0 0 0 0 0 0 0 17 0 0 0 0 0 0 0 0 15 0 0 0 0 0 0 0 0 0 0 0 17 0 0 0 0 0 17 0 19 0 15 22 0 0 0 0 0 0 0 0 0 24 0 0 0 18 18 0 0 24 23 0 0 0 25 0 16 19 0 19 21 0 0 0 0 16 0 0 0 0 
0 0 0 0 22 0 19 0 0 0 0 0 0 24 0 0 0 0 25 24 24 0 0 0 0 0 0 0 0 0 19 0 0 0 0 18 25 0 22 0 0 0 17 0 0 0 0 0 0 21 19 0 0 15 15 0 0 0 0 0 0 0 0 0 0 0 0 0 0 0 0 0 17 0 24 0 0 15 25 23 0 0 0 0 0 16 21 24 0 16 0 24 0 0 21 0 0 0 0 0 
0 0 19 0 0 0 0 0 20 0 0 0 0 0 0 15 22 21 0 0 24 0 23 0 0 0 0 16 0 18 0 22 0 0 0 0 0 0 0 0 22 17 17 15 0 16 0 0 0 0 19 0 0 17 0 17 0 22 21 25 0 0 0 0 0 0 18 0 0 23 16 0 0 0 15 0 0 0 24 0 0 20 0 0 0 22 0 15 25 0 0 0 0 0 0 0 0 0 18 0 
17 0 0 23 0 0 0 0 16 0 0 17 0 0 20 0 15 18 0 0 0 19 0 0 18 0 23 16 21 0 25 23 0 0 0 0 17 0 17 0 0 0 22 0 0 0 0 0 0 0 0 16 0 23 0 0 17 0 0 0 0 0 23 0 23 0 0 0 23 0 0 0 18 0 0 0 0 0 0 0 0 0 0 0 0 0 0 0 0 0 19 22 20 0 0 0 22 0 0 15 
0 20 0 0 0 19 0 0 0 15 22 23 0 0 0 0 0 0 15 0 0 0 0 23 0 0 0 0 0 0 0 0 19 17 22 21 0 17 20 0 17 0 0 0 0 0 0 0 0 24 25 0 0 0 0 0 0 15 0 0 0 0 17 23 0 0 0 22 19 0 0 0 23 0 19 0 0 0 0 24 0 0 0 0 0 0 0 23 0 0 0 0 0 0 20 16 0 0 0 0 
0 0 17 21 0 0 0 23 0 0 18 22 25 0 0 0 24 0 0 20 16 0 0 0 0 0 24 0 0 0 0 0 21 0 0 0 0 0 0 0 0 0 15 0 0 0 0 0 0 0 0 0 0 0 0 0 16 0 0 0 20 0 0 0 0 0 0 0 0 19 0 15 0 0 17 20 0 21 0 0 0 0 0 0 0 0 0 23 20 24 23 25 0 16 0 0 0 0 23 0 
21 0 0 0 0 0 0 19 0 0 22 0 19 24 18 0 24 0 0 0 0 0 0 15 17 0 18 0 16 0 0 0 23 19 17 0 22 0 0 17 0 21 0 21 0 0 20 19 25 0 0 0 0 0 0 0 0 0 0 21 0 0 19 0 0 0 0 19 0 0 0 0 19 0 0 0 0 0 0 0 0 0 0 0 0 0 21 23 0 0 0 0 0 0 0 0 0 20 0 0 
0 15 22 0 0 21 0 18 15 25 0 0 0 0 23 0 0 0 24 0 0 0 0 23 0 0 0 0 0 0 0 23 20 24 19 19 0 0 0 0 0 19 0 0 0 25 22 0 0 0 19 0 17 0 25 0 0 0 0 0 25 0 24 0 18 0 0 0 0 0 0 0 16 0 0 0 22 22 18 0 0 16 0 0 0 25 0 0 0 17 0 24 0 0 25 0 21 0 0 19 
0 0 0 0 0 0 17 0 0 0 0 0 0 0 25 21 25 0 0 25 0 23 0 0 16 0 0 0 21 0 0 0 0 0 0 0 0 25 0 24 0 0 0 0 0 18 0 0 0 0 0 0 0 0 24 23 0 16 25 24 0 24 19 0 24 0 0 19 24 0 0 17 0 0 19 20 0 0 0 0 0 0 19 0 0 0 22 0 23 0 0 0 0 16 0 0 0 0 0 0 
0 0 0 22 0 0 0 0 0 0 25 0 0 0 0 0 20 0 0 0 0 0 0 22 21 15 0 21 0 18 0 0 25 0 0 0 24 0 0 0 0 24 18 0 18 0 0 0 20 0 0 0 0 17 15 22 0 0 0 0 0 0 0 0 23 0 0 18 0 15 0 15 0 0 0 0 0 0 0 0 0 20 15 0 0 0 0 0 0 18 0 0 15 0 0 0 0 0 0 0 
0 19 20 16 18 23 0 0 0 0 18 20 0 0 0 0 21 0 0 19 0 0 23 0 0 0 0 16 0 22 0 0 0 19 19 0 18 0 0 0 0 0 0 0 25 0 0 0 0 0 0 0 0 22 0 16 0 0 0 0 15 0 0 17 23 23 0 0 24 0 0 21 21 0 21 0 0 0 16 15 0 24 22 0 0 0 0 0 0 0 18 0 0 0 0 0 0 0 16 0 
17 0 18 0 23 19 16 0 0 0 0 0 0 20 0 0 0 24 17 0 0 0 0 0 0 0 25 0 16 0 21 22 0 0 15 0 22 22 0 0 19 0 16 0 19 0 0 0 0 0 0 0 0 19 21 0 0 0 16 0 0 0 0 24 0 16 16 23 0 0 0 19 0 0 0 0 0 19 18 0 19 0 0 0 22 0 0 0 0 0 20 0 0 25 0 0 0 19 19 0 
0 0 25 20 0 0 0 0 23 0 0 0 0 0 0 0 0 0 0 0 0 0 19 0 0 15 0 0 16 0 19 0 0 0 23 0 0 0 15 0 20 0 0 0 0 0 22 0 0 0 0 0 0 0 0 0 0 0 0 19 0 0 0 0 24 0 0 25 0 0 19 15 0 0 0 0 0 0 0 0 0 0 0 15 25 0 0 17 0 0 0 0 0 0 0 0 0 0 0 21 
0 0 0 0 18 0 23 23 21 17 25 0 0 0 0 0 0 0 0 0 0 15 0 0 0 0 22 18 0 0 18 0 0 0 0 0 0 0 0 0 15 0 0 0 15 0 17 0 0 0 18 0 0 0 0 21 0 17 0 0 0 0 0 0 18 0 20 0 15 0 0 0 0 0 0 0 0 0 0 25 24 0 0 0 0 15 0 24 25 0 22 23 0 23 0 0 0 0 0 0 
0 0 24 23 21 23 0 0 23 0 0 0 0 0 0 0 0 0 0 0 0 0 0 0 0 0 0 0 0 18 19 15 23 18 0 23 0 0 22 20 20 0 0 0 0 0 0 0 0 0 0 0 23 0 0 18 0 0 16 0 0 0 0 0 20 0 19 0 20 0 21 0 0 0 0 22 0 0 20 0 0 20 20 0 0 0 0 0 19 0 0 0 24 0 20 24 15 0 0 0 
16 19 0 0 20 0 16 18 0 0 23 0 0 20 20 22 0 15 0 0 0 0 0 0 0 0 16 18 0 25 0 23 0 0 0 0 0 0 0 0 0 0 0 0 16 0 0 0 0 0 23 0 0 0 21 24 0 22 0 0 0 0 0 15 16 25 0 0 24 0 0 0 22 15 0 0 0 0 24 0 25 20 0 0 16 0 16 0 0 23 0 0 0 0 20 23 0 19 0 0 
0 0 0 0 0 0 25 0 0 0 0 23 0 0 0 18 0 25 16 0 0 0 0 21 18 0 24 0 18 0 0 0 0 0 18 25 15 0 0 0 0 23 0 0 16 15 0 0 0 15 0 22 16 0 0 0 16 16 24 0 0 24 0 0 0 0 0 0 17 0 0 25 22 0 18 0 0 17 0 19 0 0 0 0 0 25 0 0 19 0 19 23 25 0 0 21 0 0 0 0 
0 0 22 18 0 16 21 0 0 23 0 0 18 0 0 17 0 0 16 0 0 0 0 0 0 0 0 0 0 0 20 0 0 0 19 0 0 20 0 0 22 0 0 0 17 0 0 17 0 0 0 0 0 0 0 0 0 15 0 15 0 0 25 0 19 0 0 24 0 0 0 0 0 0 18 0 0 0 21 18 0 21 16 0 21 0 0 0 0 0 19 0 0 0 18 20 25 0 0 17 
0 24 22 20 0 0 17 20 0 0 0 0 0 15 25 0 0 15 0 0 23 0 0 0 0 0 0 0 15 0 0 23 0 0 0 0 0 0 0 0 19 22 0 0 0 24 0 0 17 0 0 0 19 24 0 0 0 0 0 0 0 0 0 0 0 21 0 0 0 0 25 0 0 0 0 0 24 0 0 0 0 0 0 0 0 20 15 0 23 0 0 0 0 0 0 25 17 15 0 0 
0 0 0 23 0 0 0 0 0 0 0 24 21 0 0 25 0 20 0 0 0 0 0 0 0 16 0 0 0 0 17 0 0 0 0 0 0 23 0 0 0 0 0 0 16 0 23 0 0 0 0 0 0 0 0 15 0 17 0 0 20 0 19 23 0 20 0 0 0 0 20 0 0 25 20 0 22 0 0 0 0 0 0 0 19 0 0 23 0 18 24 0 20 20 0 0 0 0 0 22 
0 0 0 0 23 0 0 20 20 0 0 22 25 23 0 0 0 0 16 0 0 0 0 0 0 15 0 0 0 0 0 0 0 0 15 0 22 0 0 24 0 0 16 0 0 0 24 0 0 0 16 19 0 0 0 20 16 0 0 0 0 21 17 0 0 20 0 15 20 0 0 0 0 0 0 0 0 0 0 17 0 25 0 0 0 0 17 0 0 0 16 0 0 0 0 0 19 25 0 0 
0 0 0 0 19 0 0 0 0 17 0 0 0 0 0 20 0 0 16 0 21 0 0 0 0 0 0 15 0 0 15 19 0 0 0 0 0 0 0 0 0 22 21 0 0 0 18 0 0 0 0 23 22 0 0 23 0 17 17 15 0 0 22 21 18 0 0 0 0 0 0 0 0 22 24 0 0 19 18 17 0 0 0 0 15 0 18 0 0 0 0 0 0 0 21 0 0 0 25 0 
0 21 0 0 0 0 21 0 23 15 22 0 0 0 0 0 0 0 0 0 16 0 0 24 15 0 0 23 25 0 23 0 24 0 0 0 0 21 0 0 0 0 0 0 17 23 0 0 0 0 0 20 16 25 0 0 22 0 0 0 0 0 0 0 18 21 0 16 0 0 0 0 0 19 17 0 0 0 0 24 0 0 15 0 0 21 21 0 0 20 0 0 0 19 0 0 0 18 18 25 
0 0 18 0 0 19 0 0 0 0 0 0 15 0 21 0 0 15 0 0 0 0 0 0 0 18 18 0 0 0 0 0 0 0 0 0 15 0 0 23 0 21 0 0 0 0 0 22 0 0 0 20 0 0 0 24 0 0 18 0 0 15 0 0 0 0 0 21 23 0 0 0 0 0 23 0 0 0 0 19 0 0 21 0 15 0 22 0 0 21 15 0 0 0 0 0 0 0 0 0 
0 25 19 0 0 0 0 0 0 0 0 18 0 0 0 0 0 0 24 0 0 0 0 25 0 0 0 0 0 0 0 0 17 0 0 0 15 0 0 0 0 0 0 0 0 0 0 0 0 0 0 0 0 0 19 21 0 0 0 20 0 0 0 0 0 20 0 0 0 0 0 0 0 18 0 15 18 0 0 0 0 0 21 17 0 23 0 0 0 0 0 0 0 0 0 18 0 17 25 0 
0 0 25 0 16 18 0 0 0 0 22 0 0 0 0 0 0 0 0 0 0 0 0 25 18 21 0 16 22 0 18 24 22 21 0 22 0 0 0 15 0 0 20 0 23 0 0 17 0 0 0 0 23 19 0 0 0 0 24 0 0 0 23 0 0 0 17 0 0 0 16 0 0 0 0 0 0 0 0 0 21 0 0 15 0 23 20 19 0 0 0 0 17 0 18 0 0 16 19 0 
0 20 0 22 18 16 23 0 22 0 0 0 0 25 21 0 0 0 21 0 16 0 22 18 0 0 0 0 0 0 0 0 24 23 0 0 21 0 0 0 16 0 18 0 0 0 15 17 0 0 0 0 22 0 0 0 0 0 0 0 0 24 0 0 0 0 0 20 21 0 0 0 24 21 0 0 23 0 0 0 0 0 0 0 0 15 0 0 0 18 0 0 15 0 25 24 0 18 24 0 
0 0 23 24 16 0 18 0 0 0 0 0 0 0 0 0 0 0 0 19 16 0 0 16 0 0 24 0 15 20 17 0 0 21 0 15 0 0 22 0 0 0 0 0 0 0 0 25 0 0 16 0 0 16 0 0 22 0 0 15 0 17 0 0 0 20 16 0 17 0 0 0 0 17 0 0 0 0 0 0 0 0 16 0 0 0 0 0 15 21 20 0 25 17 0 18 0 0 0 0 
18 0 25 0 0 0 0 0 0 0 0 0 16 0 0 0 0 0 0 0 0 0 22 0 17 25 0 0 0 0 0 0 0 25 0 19 0 20 22 16 24 0 0 0 15 24 0 21 0 0 0 0 0 0 20 0 0 0 0 0 0 21 0 0 0 0 0 0 0 0 0 21 0 0 0 0 17 0 17 0 0 0 0 0 23 0 0 23 0 24 24 0 24 21 20 20 0 21 0 0 
15 0 0 0 21 0 0 19 0 0 0 0 20 25 0 0 16 21 24 0 24 0 0 18 0 0 24 0 0 0 0 23 0 15 0 0 0 0 0 0 0 0 0 0 24 0 0 0 0 22 0 15 0 0 0 0 0 21 0 17 16 0 0 0 0 25 19 17 0 0 15 0 21 0 23 0 0 0 0 18 0 23 0 18 18 0 17 24 0 0 18 25 0 0 0 16 0 0 0 21 
17 21 0 18 0 0 0 0 0 0 0 0 0 20 0 0 0 0 0 20 0 0 0 15 18 0 0 23 0 0 0 0 0 0 15 0 20 0 25 23 15 0 24 22 0 0 19 0 0 25 0 24 0 0 0 0 0 0 0 0 0 0 16 0 0 0 0 20 0 17 0 0 0 24 0 0 0 0 0 15 0 0 22 0 23 0 25 0 0 0 24 22 0 0 19 17 0 19 0 0 
0 0 0 17 0 0 15 0 0 0 0 21 0 0 19 19 0 0 0 0 0 0 0 17 19 0 0 15 0 0 15 0 0 0 0 0 0 0 0 0 0 0 0 0 0 0 18 21 0 0 0 15 15 24 0 21 0 0 0 24 0 21 0 0 19 0 0 0 25 19 20 0 19 19 0 0 0 0 24 0 0 0 0 16 0 21 0 0 0 0 0 0 19 0 0 18 25 0 0 0 
0 0 0 0 0 25 0 0 0 0 25 0 0 0 0 0 22 0 17 0 0 0 0 0 0 0 0 0 0 0 18 0 0 0 0 16 0 18 19 20 15 0 0 15 0 16 0 25 0 0 16 0 0 0 0 24 19 22 0 19 0 0 16 0 0 0 0 16 0 0 0 0 0 24 0 0 0 22 0 0 19 0 0 0 15 0 19 0 0 0 0 17 0 23 0 17 0 0 24 17 
0 0 0 0 22 0 20 0 0 0 0 19 0 0 0 15 17 0 0 0 0 20 20 0 0 0 0 0 21 20 22 18 0 0 0 0 20 0 0 17 0 0 20 0 15 0 0 0 0 0 0 0 0 0 15 0 0 0 0 19 0 0 0 0 16 0 25 0 20 15 0 0 23 17 0 0 0 0 0 0 0 0 0 0 0 0 0 0 0 0 0 17 19 0 0 19 0 22 0 0 
0 0 0 0 0 16 16 0 21 17 0 0 15 0 16 0 0 0 21 0 0 0 0 0 0 25 0 0 0 18 17 0 25 23 0 0 0 0 0 0 0 21 0 0 0 20 0 0 0 0 20 0 0 23 0 0 0 0 0 24 0 0 18 21 20 0 0 0 0 0 18 0 0 25 0 0 0 0 0 0 22 0 0 0 23 20 0 0 0 0 0 0 16 0 17 0 0 0 0 15 
19 0 0 21 0 24 0 0 23 0 0 0 0 0 0 0 22 24 0 24 0 22 23 0 15 0 0 0 0 0 23 0 0 0 21 0 0 15 0 25 0 0 0 0 0 0 0 23 19 0 0 0 0 0 0 24 16 0 0 20 0 20 0 0 21 0 23 21 17 0 24 0 17 16 16 0 17 0 0 0 0 0 25 15 0 0 0 15 25 17 0 0 0 0 0 0 0 0 0 19 
0 0 0 0 0 24 0 0 0 0 17 0 25 0 0 0 25 21 0 0 0 16 0 0 0 0 0 22 0 0 0 0 20 18 25 0 18 0 25 0 0 22 0 0 0 0 15 0 0 0 0 0 0 19 0 0 0 0 0 0 0 0 0 20 0 0 0 0 22 25 0 21 18 23 0 18 0 0 0 0 16 16 0 0 23 0 0 0 0 0 16 0 0 0 0 0 16 0 0 21 
0 0 0 22 0 0 24 0 0 19 24 22 0 0 0 17 0 24 0 0 15 0 0 0 21 0 0 20 0 0 0 18 23 0 0 0 0 0 0 0 0 0 0 0 0 0 0 0 0 0 0 16 0 0 17 0 17 0 22 0 0 0 0 0 21 0 0 0 0 0 0 0 0 0 23 0 0 22 0 0 18 0 0 0 20 0 0 18 18 0 0 21 0 0 22 0 0 0 0 0 
0 21 0 0 0 0 0 0 0 0 0 0 0 15 0 15 0 0 0 0 0 21 0 0 0 0 0 25 0 0 0 0 0 0 0 19 0 0 0 0 0 0 0 0 0 0 19 0 0 0 0 0 0 0 0 0 0 0 17 18 19 0 0 0 21 0 20 21 24 0 0 21 19 0 0 0 0 0 0 23 19 0 24 19 0 20 0 0 16 18 0 0 22 0 0 25 0 0 0 0 
0 18 17 0 0 0 0 0 18 0 0 0 17 0 0 24 0 0 0 20 0 0 0 0 0 0 0 0 0 0 0 0 0 0 0 0 0 0 0 0 24 24 0 0 0 0 0 0 0 0 0 0 22 0 0 0 0 0 0 15 0 0 19 0 0 0 0 19 0 0 20 0 25 0 21 17 15 0 17 0 24 19 22 0 0 0 0 0 0 0 0 19 0 0 0 0 0 0 23 0 
0 18 21 0 0 0 0 0 23 0 0 15 0 0 0 17 0 0 19 24 19 24 22 19 24 0 0 0 0 0 0 0 25 0 0 0 0 0 0 0 15 0 0 0 0 0 0 0 0 0 0 0 22 20 19 0 0 15 0 0 0 23 0 0 24 0 0 0 0 18 0 0 0 0 0 0 0 0 0 0 0 16 0 0 0 17 0 0 0 0 0 0 0 0 0 0 0 0 0 20 
0 0 15 23 16 0 0 0 0 25 23 15 0 0 16 0 0 25 25 19 0 0 20 19 0 0 0 0 15 25 0 0 21 15 0 0 15 0 16 0 0 0 23 0 0 0 0 18 23 21 0 0 16 0 0 0 0 0 25 21 20 0 0 0 21 0 17 0 0 0 0 0 0 0 0 0 0 22 0 0 0 0 21 0 0 0 0 0 0 16 24 0 0 25 0 0 15 0 0 16 
0 17 0 21 19 0 15 25 0 23 0 18 16 0 0 0 0 0 0 19 0 0 0 23 17 0 0 0 0 0 18 22 0 15 0 0 24 0 0 0 0 0 0 0 19 18 0 0 0 0 0 0 0 23 23 0 0 20 0 0 15 0 0 0 0 0 0 17 0 0 25 19 0 0 16 18 0 25 0 0 0 0 21 0 0 22 16 0 0 25 22 23 18 0 0 24 23 0 0 0 
0 0 22 0 0 0 0 0 0 0 0 0 16 0 0 0 0 0 23 0 20 16 0 0 16 0 23 0 0 0 0 0 0 0 0 0 0 0 0 0 21 20 0 25 0 0 0 23 16 0 0 0 18 0 20 23 0 16 0 17 0 20 17 0 0 0 0 0 23 0 17 25 0 0 0 0 19 0 0 0 0 0 0 0 0 0 0 0 23 0 0 0 0 20 0 0 24 0 0 0 
0 0 24 0 0 0 24 17 18 0 25 18 0 25 0 0 0 20 0 0 20 20 0 0 18 0 24 17 0 22 0 24 0 24 19 15 0 0 24 0 0 0 0 15 0 0 0 19 18 0 0 0 0 0 0 0 24 0 0 0 0 0 0 0 0 24 17 0 0 0 0 0 0 0 0 0 0 0 0 0 0 25 0 0 19 19 0 0 0 21 0 0 0 0 0 0 0 0 0 16 
0 0 0 19 23 21 0 0 0 19 0 0 15 23 0 0 23 19 0 0 0 0 0 21 15 0 15 0 0 16 0 0 0 0 0 0 0 0 0 16 0 0 0 18 0 0 0 16 23 0 24 0 16 0 0 20 0 0 0 0 0 0 0 0 19 0 18 0 0 0 25 0 18 0 0 0 16 0 25 23 0 0 0 0 0 0 17 0 23 0 0 0 0 18 0 18 0 0 0 16 
0 0 0 0 18 21 20 0 0 0 0 19 18 0 0 0 0 0 25 16 18 0 0 0 0 0 24 25 0 15 0 22 0 17 17 0 0 0 0 0 0 0 0 0 0 0 0 0 18 16 25 0 22 19 0 0 0 19 0 0 0 18 0 0 0 0 0 0 0 0 0 0 25 17 0 16 24 19 0 0 0 0 0 24 0 0 0 0 18 25 0 0 0 18 22 16 0 0 0 0 
0 19 0 0 0 0 0 23 0 0 25 21 19 0 0 0 0 0 0 0 25 0 0 0 0 0 18 15 0 0 22 0 21 0 0 0 22 0 23 0 0 0 19 0 19 0 22 0 0 15 0 21 0 0 0 0 25 21 0 0 15 0 0 0 0 0 0 0 16 24 0 0 0 17 0 0 0 21 0 15 20 0 0 0 24 0 0 25 0 0 0 23 0 24 21 0 16 0 0 0 
0 0 0 0 0 0 17 0 0 0 0 21 25 0 18 25 20 0 0 19 0 0 22 0 23 0 0 0 0 0 0 23 0 0 0 0 0 19 0 21 0 0 18 0 0 0 0 0 0 21 0 15 21 0 24 0 0 0 18 0 0 0 0 21 0 0 0 0 0 0 17 0 17 0 0 22 0 0 0 0 0 21 0 0 0 0 25 0 0 0 0 25 0 0 0 16 0 0 0 0 
0 23 0 0 0 0 0 0 0 0 0 0 0 0 0 0 0 22 24 0 0 21 17 0 18 22 0 18 0 0 0 0 20 0 15 19 0 0 0 0 17 0 24 0 0 22 0 20 0 0 20 0 0 0 0 0 0 0 0 0 16 0 0 0 0 0 0 15 16 17 0 17 0 0 0 0 23 22 0 0 0 0 0 0 23 0 19 0 0 0 0 0 23 0 21 0 0 20 16 20 
21 25 22 0 0 17 0 0 0 0 0 0 0 25 24 0 0 0 0 21 23 18 0 0 0 0 17 18 0 16 22 0 0 20 15 0 0 0 0 0 0 25 0 0 15 0 0 0 0 23 0 0 0 23 0 16 0 0 0 0 0 0 0 16 0 0 0 0 0 0 17 0 25 0 0 0 0 0 0 0 0 0 0 0 0 0 16 0 0 0 0 0 0 15 19 0 22 0 18 23 
0 0 17 0 0 0 0 0 18 0 0 0 0 0 0 18 0 0 0 0 0 20 24 21 0 0 0 0 0 23 0 0 0 0 0 0 0 0 0 0 0 0 0 0 24 24 18 0 0 21 0 0 0 0 22 0 0 24 0 25 18 0 0 0 0 0 18 0 0 0 0 0 17 21 21 0 0 0 0 0 0 25 22 0 0 0 19 25 0 23 0 0 0 0 0 0 0 0 0 0 
0 0 0 0 21 0 17 0 0 0 0 23 0 0 17 0 0 0 0 21 0 0 23 0 0 22 0 0 0 0 25 17 24 19 0 24 0 0 0 0 0 16 0 0 0 0 0 0 0 0 24 0 22 23 0 0 0 0 0 0 0 0 24 25 0 0 0 0 0 0 0 0 0 0 0 20 15 15 0 0 0 0 0 21 18 0 0 22 16 0 0 0 0 0 19 0 0 22 0 22 
0 16 0 0 0 0 0 20 0 0 0 19 0 0 0 0 0 24 0 23 0 21 0 19 0 0 22 0 17 16 0 0 0 0 17 0 16 0 0 0 24 0 15 0 0 0 16 0 0 25 0 25 0 0 0 0 0 24 16 0 0 16 15 0 0 0 0 0 20 22 25 0 0 22 0 0 0 0 17 0 0 19 0 0 0 0 20 0 0 0 18 0 18 0 23 0 0 0 0 0 
18 0 0 0 0 18 0 0 0 0 16 0 22 0 21 0 0 0 15 0 21 0 15 0 0 0 0 0 0 0 0 0 0 0 23 19 0 22 0 0 0 21 0 0 21 17 24 0 16 0 0 0 0 0 0 23 17 0 0 0 24 0 22 0 0 0 17 0 17 0 0 0 0 0 0 25 0 0 22 21 0 0 0 0 0 0 0 17 0 23 0 17 20 0 0 25 0 17 21 0 
0 0 0 0 16 25 0 0 0 17 0 17 25 19 0 0 0 15 0 0 0 0 0 16 0 25 19 0 0 0 0 0 24 0 0 22 0 16 0 0 18 0 0 17 0 25 0 0 0 0 0 0 25 18 0 0 0 0 23 0 0 0 15 0 0 0 22 0 0 0 25 19 0 20 0 0 0 0 18 0 23 0 0 0 0 0 0 0 16 0 0 0 0 21 0 17 0 24 0 0 
0 0 16 0 15 0 0 23 0 0 0 20 0 0 0 0 0 24 0 0 0 20 15 0 0 0 0 23 0 0 22 0 16 20 24 0 0 18 0 0 0 0 0 0 0 0 0 0 0 0 0 0 15 25 0 0 20 0 0 0 0 15 0 0 0 24 0 0 0 19 17 0 0 0 0 0 0 0 0 0 0 0 0 21 0 18 0 0 0 23 23 15 19 24 0 15 0 0 0 0 
22 0 19 0 0 0 0 23 21 0 16 0 16 17 0 0 19 0 0 22 0 0 0 0 0 0 18 0 0 21 16 0 18 0 0 23 16 0 21 0 0 0 15 0 0 0 0 0 0 0 0 0 0 0 0 16 24 0 0 0 17 22 16 21 21 0 20 0 0 24 0 0 0 0 24 0 0 0 0 0 0 16 0 0 0 0 0 0 22 0 0 0 22 0 0 0 16 0 0 25 
0 15 0 22 19 0 25 0 0 0 22 0 16 0 0 0 17 23 0 0 22 15 21 21 0 0 25 0 18 18 0 0 0 0 0 15 0 0 0 0 0 0 0 15 0 0 0 24 20 0 22 0 0 0 0 0 0 15 0 0 25 0 0 24 0 22 16 0 0 0 0 21 17 0 19 22 24 0 0 0 0 0 25 0 16 0 0 18 0 21 0 21 19 0 0 0 0 0 0 0 
20 0 0 24 0 0 0 0 0 0 0 0 0 0 20 0 0 0 0 0 0 0 0 0 0 0 0 0 24 0 0 0 18 25 17 15 17 0 0 20 0 0 24 0 0 19 0 0 18 19 21 0 0 0 0 16 0 0 0 0 25 0 20 0 0 0 20 0 24 19 0 25 0 0 0 0 0 0 0 0 0 19 0 25 0 0 0 21 0 22 0 0 19 0 18 19 0 0 0 0 
0 18 0 0 0 0 17 0 19 0 0 0 25 25 0 22 0 0 18 0 0 0 0 0 0 0 0 0 0 0 0 24 0 25 0 0 0 0 0 0 0 0 20 0 0 18 0 23 0 20 0 19 0 0 0 0 0 19 25 0 0 24 20 18 0 0 0 25 0 0 0 0 0 21 16 15 0 0 0 0 24 0 23 0 0 0 0 24 0 17 0 23 0 0 23 0 0 0 0 0 
0 0 0 0 0 0 0 0 17 20 0 19 0 0 0 0 0 0 0 19 0 0 23 0 0 0 0 0 21 0 0 18 0 22 22 25 0 0 0 0 0 0 0 0 19 0 0 0 0 0 19 25 19 20 15 20 0 0 0 0 0 0 0 0 0 25 0 0 15 20 0 0 15 0 0 0 23 0 0 0 0 0 0 0 0 0 0 20 0 0 0 0 18 0 0 19 0 0 16 0 
0 0 0 0 0 0 0 0 0 21 0 25 23 22 0 18 0 0 25 19 0 0 17 0 0 24 0 0 25 20 22 0 0 0 0 0 25 0 0 17 0 20 0 0 0 0 22 15 0 0 0 20 0 16 25 0 0 0 20 0 15 0 0 0 0 15 0 0 16 23 0 0 0 22 0 15 0 0 15 0 0 17 15 0 0 15 15 0 0 0 22 0 0 17 0 17 0 0 15 17 
0 0 0 0 0 0 19 0 0 0 0 0 0 0 21 0 0 23 0 0 0 24 0 0 18 24 0 0 0 0 0 25 0 0 0 0 0 25 0 0 20 0 0 0 16 25 23 0 19 16 0 0 0 16 24 0 0 0 0 0 24 0 0 18 24 0 20 23 0 0 20 0 0 0 0 22 0 22 20 0 0 21 0 0 0 0 0 25 0 0 0 0 25 0 23 0 0 18 17 0 
0 0 18 0 0 0 21 0 0 0 0 0 0 0 0 18 0 0 0 0 25 0 0 0 0 0 0 0 22 0 0 0 0 20 21 0 0 0 0 0 21 0 20 0 0 17 0 0 0 19 0 20 15 0 20 0 24 0 24 0 15 0 19 0 23 0 17 0 22 23 0 24 0 21 25 0 0 24 0 0 21 0 23 25 15 16 0 0 21 0 0 18 0 0 0 0 25 21 19 0 
0 15 0 25 19 0 0 0 0 15 21 0 0 0 24 0 15 18 0 25 0 16 25 0 0 0 0 0 18 0 0 0 0 0 0 0 0 24 0 0 0 0 0 25 0 0 0 16 0 0 19 0 0 0 0 18 0 0 0 0 0 0 0 0 22 0 0 0 0 0 0 0 0 0 0 0 0 0 0 0 0 0 0 25 0 0 0 20 0 0 22 0 0 17 17 16 21 0 0 0 
0 0 0 0 22 0 0 0 15 22 0 0 0 0 0 0 0 23 18 24 25 15 25 0 25 0 0 20 0 0 20 0 0 21 17 0 18 0 0 0 0 19 0 0 18 0 0 0 19 0 0 23 0 0 0 25 0 0 16 22 0 0 0 19 25 0 17 0 0 22 21 18 0 22 0 15 0 0 0 0 0 0 19 0 0 15 0 0 0 0 0 0 24 0 21 24 0 0 0 0 
0 0 15 0 25 22 0 0 0 0 0 0 16 0 0 0 0 0 0 0 0 0 0 0 0 0 0 0 20 0 0 0 0 0 0 0 21 0 0 19 0 0 0 0 17 0 0 23 0 0 0 18 0 0 17 0 20 0 0 0 0 0 0 0 25 22 0 17 0 0 15 0 0 0 0 0 21 0 23 0 0 0 0 23 0 0 0 0 0 0 0 0 0 0 25 0 25 19 0 0 
0 16 24 19 0 0 0 0 0 0 24 0 21 0 25 0 0 16 17 18 0 25 18 0 0 0 0 16 0 0 23 0 0 0 0 0 17 0 0 0 0 20 0 0 0 0 0 20 24 17 0 15 22 0 0 0 0 21 17 0 16 0 20 0 0 0 18 0 0 23 0 0 22 0 0 0 0 0 0 0 0 25 0 0 0 0 0 0 21 0 19 0 0 0 0 0 16 0 0 0 
0 0 15 17 23 0 18 0 0 0 0 0 0 0 0 0 16 23 0 17 0 0 16 0 0 15 19 0 0 22 24 0 0 24 0 0 0 0 0 0 0 0 0 23 0 0 0 23 0 0 0 23 0 0 0 18 0 0 0 0 0 0 0 0 15 0 18 0 0 0 0 0 19 0 19 0 0 0 0 0 0 0 17 16 0 0 0 0 0 0 0 0 0 0 0 0 0 22 24 20 
0 0 0 25 23 0 0 16 16 25 23 0 20 25 17 19 0 0 0 0 0 0 0 0 0 24 22 16 0 0 0 0 0 0 17 0 0 0 0 0 0 0 0 0 0 0 15 0 24 19 0 23 0 0 0 0 0 0 0 0 0 0 0 0 0 0 0 25 0 0 0 0 0 0 0 0 0 0 15 0 0 0 0 0 0 19 0 16 0 0 0 16 15 0 0 0 0 0 0 0 
0 18 0 0 0 0 0 0 20 19 21 18 0 0 19 0 0 0 18 0 0 18 0 0 0 0 0 0 0 0 0 15 22 20 0 0 0 0 0 0 0 22 0 0 0 24 0 0 16 0 0 0 15 0 0 0 0 0 0 0 25 17 23 0 0 0 25 19 19 0 0 0 0 0 0 0 0 0 0 0 0 17 0 0 0 0 0 0 22 0 17 0 0 15 0 15 20 0 23 0 
0 0 0 16 0 0 0 0 0 0 0 0 0 0 0 0 0 0 20 17 0 18 0 0 18 0 17 16 17 16 22 0 21 0 0 18 0 0 25 23 0 0 0 0 21 21 18 0 0 0 0 0 0 0 23 0 0 0 0 0 0 25 0 21 0 0 0 0 0 0 17 0 16 0 0 0 0 0 0 21 22 25 0 0 0 0 0 19 0 0 0 0 0 15 0 17 0 22 0 0 
0 15 0 16 0 0 0 18 0 0 20 0 23 0 18 21 21 21 25 24 0 0 0 23 0 0 22 0 0 21 0 0 0 0 0 0 0 0 0 0 23 22 16 0 17 20 0 0 24 0 0 0 0 0 0 0 20 19 0 0 18 0 15 0 0 0 0 0 0 0 19 0 22 0 0 0 0 0 0 0 18 0 25 24 0 0 16 0 0 0 0 0 0 0 0 0 22 0 0 0 
0 0 0 0 24 0 0 0 19 0 0 0 0 0 0 0 0 23 24 16 21 0 21 0 23 18 0 0 0 22 0 0 25 0 0 0 0 0 17 0 0 0 0 0 0 17 20 0 0 0 0 0 0 0 0 0 0 0 21 0 0 0 18 23 0 0 0 0 0 16 0 0 0 21 0 0 0 0 0 0 0 0 0 0 0 0 0 0 21 0 0 0 0 15 22 17 0 0 0 0 
0 24 0 20 0 0 0 0 0 0 0 22 0 0 19 21 24 0 15 22 0 15 0 21 0 0 0 0 16 0 24 16 0 0 17 0 0 24 21 0 0 0 0 0 0 0 0 24 25 0 0 0 0 0 20 18 0 24 0 0 0 0 0 17 25 0 0 0 0 23 0 0 0 0 0 25 0 0 0 0 22 0 0 0 0 17 0 0 25 0 17 22 25 21 0 0 0 0 0 0 
0 21 22 18 20 0 0 0 0 24 0 0 0 22 0 0 15 21 0 18 15 0 20 0 0 0 0 0 0 0 0 0 0 0 0 0 15 0 0 0 0 0 0 0 0 0 0 22 0 0 0 0 17 18 0 0 0 24 0 25 24 0 0 23 21 15 24 0 0 21 18 0 21 0 17 0 16 0 16 0 19 17 16 17 17 0 0 0 15 0 0 23 20 24 0 0 0 23 0 0 
