35 35 8 8
20
3 4 5 6 7 8 9 10 
4 3 4 5 6 7 8 9 
5 4 3 4 5 6 7 8 
6 5 4 3 4 5 6 7 
7 6 5 4 3 4 5 6 
8 7 6 5 4 3 4 5 
9 8 7 6 5 4 3 4 
10 9 8 7 6 5 4 3 

180 215 230 7
130 163 173 8
241 275 286 8
115 143 156 7
14 47 59 9
186 219 233 8
74 99 113 10
30 60 75 5
20 58 68 9
199 227 241 5
15 50 61 10
212 248 258 6
149 183 198 6
180 214 226 10
178 213 223 6
41 71 81 7
21 53 66 8
170 201 211 10
93 118 133 9
19 48 59 9
217 254 267 5
66 104 117 8
175 207 217 7
165 204 217 7
192 225 237 9
127 162 173 9
129 155 166 10
133 168 181 8
262 293 308 7
217 244 254 8
45 72 82 8
251 291 303 9
190 227 242 6
184 210 220 8
28 56 70 7
193 228 241 7
57 96 107 10
220 252 264 10
89 119 134 10
219 245 256 10
217 250 264 9
53 85 100 10
153 186 196 9
168 195 210 5
38 72 84 9
95 130 144 10
203 240 255 9
64 96 108 8
236 274 288 8
124 163 177 6
79 111 121 9
248 280 292 9
215 249 261 10
94 127 142 10
196 225 240 8
73 100 115 5
268 305 316 9
27 58 70 9
264 303 315 6
63 98 112 9
268 297 310 10
247 275 288 7
79 104 115 7
93 125 137 9
225 255 270 6
114 144 159 9
260 294 305 10
65 96 106 8
197 235 245 8
221 252 265 6

6 0 20 0 0 0 0 0 0 0 55 0 0 0 0 39 9 0 29 22 0 0 7 50 28 0 0 0 0 0 59 0 0 0 40 
0 0 0 0 0 0 0 0 0 0 32 0 44 0 44 0 0 0 0 0 0 56 28 0 27 0 8 0 47 51 0 14 22 0 0 
0 0 0 60 0 0 0 0 0 29 0 0 0 0 0 0 57 50 0 0 0 0 0 0 23 0 0 60 0 0 10 0 34 0 0 
0 0 47 0 0 28 0 0 0 24 23 0 0 49 0 0 0 9 0 0 0 0 0 52 0 0 13 0 0 0 16 0 0 0 0 
0 0 0 0 0 6 0 25 0 0 41 0 0 0 0 0 54 0 0 14 0 31 0 0 0 54 0 30 7 0 0 0 60 0 45 
0 0 0 0 0 6 54 41 27 0 0 39 12 0 55 23 0 0 0 0 39 0 27 0 45 0 35 0 0 0 19 0 0 0 0 
49 0 59 0 0 0 12 0 28 0 0 23 0 59 10 0 0 54 0 0 0 0 0 0 0 0 0 0 0 0 11 0 0 0 33 
23 0 0 0 0 0 14 0 0 0 0 0 36 0 0 0 0 0 25 0 0 0 0 0 20 41 0 0 0 22 0 33 13 0 0 
0 0 0 46 0 0 36 0 0 0 0 0 0 0 0 0 31 20 0 0 0 0 52 0 0 0 47 0 30 16 0 0 0 59 0 
0 0 0 0 0 0 0 0 0 43 0 58 0 0 0 0 0 0 0 0 0 0 0 49 0 48 0 0 0 8 0 43 0 53 0 
0 0 0 0 53 54 0 0 49 9 57 0 0 0 0 0 0 0 0 0 0 0 47 0 0 22 6 0 26 0 0 0 0 43 0 
31 0 54 21 0 0 0 0 0 0 0 31 0 25 25 0 0 28 46 0 0 46 34 0 56 53 37 0 15 38 45 0 0 0 0 
0 0 0 0 0 0 45 14 0 0 0 45 0 23 0 0 0 0 47 0 0 0 0 10 57 0 54 0 25 0 0 24 0 0 0 
0 0 0 44 0 0 0 47 0 0 0 38 0 0 30 50 32 0 0 58 0 0 0 48 26 31 0 0 35 0 0 49 0 20 0 
0 0 7 0 46 0 6 0 0 0 35 38 57 23 16 0 0 0 17 0 0 0 0 0 0 0 17 0 0 0 0 0 0 0 14 
0 0 48 0 31 31 0 0 45 7 10 0 0 0 0 0 0 0 0 0 60 0 0 0 0 60 0 0 0 0 0 31 12 55 0 
0 0 0 0 0 0 0 0 0 0 0 0 0 0 0 22 6 43 0 0 0 0 38 0 53 0 0 0 0 9 19 54 21 0 0 
0 25 0 54 0 0 10 0 0 0 0 55 0 45 0 0 0 0 0 0 0 0 0 59 0 6 24 0 0 30 0 0 27 0 0 
0 0 0 0 0 0 0 0 26 0 0 0 0 11 59 0 0 35 52 0 0 0 0 0 0 0 0 0 0 41 0 0 0 0 0 
0 0 0 20 37 0 45 0 0 0 39 0 0 0 57 0 0 0 0 13 0 0 0 0 0 0 45 0 19 17 0 0 51 0 0 
36 0 0 58 0 0 0 0 32 0 0 18 0 0 21 37 49 0 0 0 0 0 43 0 37 56 0 53 44 0 52 12 59 0 0 
0 0 0 43 0 0 0 0 0 0 0 37 0 52 0 0 0 57 0 0 0 0 0 13 0 0 0 0 0 0 0 0 0 0 25 
0 0 0 31 41 0 0 23 51 0 0 0 22 8 6 0 49 0 0 42 0 0 0 9 7 0 0 0 7 0 35 0 0 0 0 
10 0 0 0 0 0 48 0 0 23 0 0 0 0 0 0 0 0 19 0 44 0 0 41 0 0 0 0 0 0 0 0 0 0 58 
0 0 0 0 0 0 0 0 0 54 29 12 0 0 0 25 0 28 0 0 0 22 0 47 0 40 20 0 0 0 0 0 0 58 0 
27 0 0 0 0 42 0 0 29 0 0 0 0 0 0 0 0 0 0 0 18 0 0 0 30 0 0 38 0 0 44 50 22 24 0 
47 0 0 0 0 0 0 6 0 0 0 0 18 42 0 21 0 50 0 17 0 0 13 49 27 0 0 0 52 0 0 0 0 0 0 
40 0 49 0 0 0 18 0 0 0 0 9 0 0 10 0 39 0 0 0 21 0 0 0 0 0 0 0 0 41 0 30 0 0 20 
21 56 0 16 0 0 0 0 0 0 55 0 0 20 19 59 6 0 0 0 0 20 0 57 0 11 38 54 28 0 0 0 0 0 46 
48 43 0 0 49 0 0 0 0 0 0 0 0 0 0 27 0 13 23 0 0 0 56 0 0 0 0 31 0 0 0 0 0 12 0 
0 50 37 0 44 0 0 41 0 0 39 7 0 58 0 0 0 0 0 0 0 0 20 0 0 0 32 0 0 21 0 0 11 0 16 
0 0 0 16 0 0 0 0 34 0 26 59 20 0 0 0 0 0 0 0 0 23 0 35 16 0 0 0 0 0 45 0 23 0 0 
0 0 14 0 0 0 23 0 0 0 0 8 0 0 0 0 15 13 0 0 0 0 0 0 42 0 0 0 0 0 0 0 0 20 0 
8 0 0 0 0 0 30 0 0 0 34 0 0 0 0 0 39 52 0 0 54 0 0 0 59 39 0 0 0 41 0 51 0 10 58 
11 18 0 0 40 10 0 58 0 0 0 0 0 53 0 0 0 0 0 0 0 0 0 0 0 43 0 0 13 0 0 21 32 45 0 

18 0 23 0 0 0 0 0 0 0 20 0 0 0 0 25 15 0 17 25 0 0 24 16 21 0 0 0 0 0 15 0 0 0 18 
0 0 0 0 0 0 0 0 0 0 23 0 25 0 16 0 0 0 0 0 0 20 25 0 24 0 22 0 24 24 0 17 17 0 0 
0 0 0 23 0 0 0 0 0 16 0 0 0 0 0 0 24 22 0 0 0 0 0 0 16 0 0 20 0 0 17 0 17 0 0 
0 0 19 0 0 16 0 0 0 21 20 0 0 22 0 0 0 19 0 0 0 0 0 22 0 0 19 0 0 0 17 0 0 0 0 
0 0 0 0 0 24 0 22 0 0 15 0 0 0 0 0 19 0 0 19 0 21 0 0 0 16 0 20 25 0 0 0 16 0 24 
0 0 0 0 0 23 15 24 23 0 0 22 22 0 23 17 0 0 0 0 15 0 16 0 24 0 17 0 0 0 17 0 0 0 0 
18 0 21 0 0 0 19 0 17 0 0 21 0 22 23 0 0 24 0 0 0 0 0 0 0 0 0 0 0 0 18 0 0 0 17 
17 0 0 0 0 0 23 0 0 0 0 0 24 0 0 0 0 0 16 0 0 0 0 0 19 20 0 0 0 23 0 25 25 0 0 
0 0 0 24 0 0 23 0 0 0 0 0 0 0 0 0 20 18 0 0 0 0 18 0 0 0 19 0 20 15 0 0 0 19 0 
0 0 0 0 0 0 0 0 0 18 0 22 0 0 0 0 0 0 0 0 0 0 0 15 0 20 0 0 0 25 0 25 0 19 0 
0 0 0 0 25 15 0 0 15 25 21 0 0 0 0 0 0 0 0 0 0 0 20 0 0 22 19 0 16 0 0 0 0 19 0 
25 0 22 17 0 0 0 0 0 0 0 24 0 24 17 0 0 21 17 0 0 15 15 0 25 18 17 0 17 22 18 0 0 0 0 
0 0 0 0 0 0 22 19 0 0 0 24 0 24 0 0 0 0 21 0 0 0 0 22 23 0 15 0 16 0 0 23 0 0 0 
0 0 0 15 0 0 0 18 0 0 0 15 0 0 22 18 25 0 0 22 0 0 0 25 22 22 0 0 20 0 0 21 0 15 0 
0 0 24 0 24 0 19 0 0 0 25 15 23 16 24 0 0 0 15 0 0 0 0 0 0 0 17 0 0 0 0 0 0 0 15 
0 0 17 0 16 23 0 0 23 21 23 0 0 0 0 0 0 0 0 0 15 0 0 0 0 21 0 0 0 0 0 19 25 25 0 
0 0 0 0 0 0 0 0 0 0 0 0 0 0 0 15 17 25 0 0 0 0 17 0 18 0 0 0 0 15 15 25 23 0 0 
0 15 0 24 0 0 22 0 0 0 0 19 0 24 0 0 0 0 0 0 0 0 0 18 0 22 16 0 0 17 0 0 18 0 0 
0 0 0 0 0 0 0 0 19 0 0 0 0 23 17 0 0 24 22 0 0 0 0 0 0 0 0 0 0 18 0 0 0 0 0 
0 0 0 21 18 0 22 0 0 0 16 0 0 0 20 0 0 0 0 21 0 0 0 0 0 0 24 0 22 23 0 0 20 0 0 
24 0 0 25 0 0 0 0 16 0 0 23 0 0 19 21 17 0 0 0 0 0 25 0 17 20 0 17 20 0 25 19 19 0 0 
0 0 0 19 0 0 0 0 0 0 0 17 0 25 0 0 0 17 0 0 0 0 0 19 0 0 0 0 0 0 0 0 0 0 22 
0 0 0 20 25 0 0 25 22 0 0 0 15 21 23 0 20 0 0 25 0 0 0 24 18 0 0 0 25 0 20 0 0 0 0 
17 0 0 0 0 0 21 0 0 25 0 0 0 0 0 0 0 0 15 0 24 0 0 19 0 0 0 0 0 0 0 0 0 0 22 
0 0 0 0 0 0 0 0 0 24 20 17 0 0 0 22 0 24 0 0 0 21 0 23 0 22 24 0 0 0 0 0 0 16 0 
25 0 0 0 0 20 0 0 22 0 0 0 0 0 0 0 0 0 0 0 19 0 0 0 24 0 0 18 0 0 22 18 20 17 0 
19 0 0 0 0 0 0 23 0 0 0 0 20 19 0 25 0 22 0 22 0 0 18 16 17 0 0 0 17 0 0 0 0 0 0 
22 0 23 0 0 0 21 0 0 0 0 18 0 0 15 0 25 0 0 0 23 0 0 0 0 0 0 0 0 17 0 18 0 0 23 
22 19 0 24 0 0 0 0 0 0 23 0 0 20 17 20 20 0 0 0 0 15 0 17 0 18 19 18 19 0 0 0 0 0 19 
23 17 0 0 24 0 0 0 0 0 0 0 0 0 0 25 0 25 20 0 0 0 24 0 0 0 0 19 0 0 0 0 0 18 0 
0 17 25 0 20 0 0 20 0 0 16 20 0 18 0 0 0 0 0 0 0 0 16 0 0 0 23 0 0 15 0 0 20 0 16 
0 0 0 18 0 0 0 0 25 0 22 21 17 0 0 0 0 0 0 0 0 20 0 24 21 0 0 0 0 0 22 0 22 0 0 
0 0 18 0 0 0 20 0 0 0 0 24 0 0 0 0 19 23 0 0 0 0 0 0 25 0 0 0 0 0 0 0 0 18 0 
18 0 0 0 0 0 23 0 0 0 15 0 0 0 0 0 19 18 0 0 16 0 0 0 23 18 0 0 0 17 0 22 0 18 19 
25 20 0 0 23 18 0 21 0 0 0 0 0 16 0 0 0 0 0 0 0 0 0 0 0 24 0 0 16 0 0 16 22 23 0 
