28 28 3 3
20
3 4 5 
4 3 4 
5 4 3 

246 281 296 7
60 93 103 8
285 319 330 8
249 277 290 7
144 177 189 9
154 187 201 8
92 117 131 10
342 372 387 5
400 438 448 9
193 221 235 5
369 404 415 10
210 246 256 6
237 271 286 6
104 138 150 10
94 129 139 6
461 491 501 7
343 375 388 8
522 553 563 10
243 268 283 9
37 66 77 9
431 468 481 5
374 412 425 8
467 499 509 7
245 284 297 7
444 477 489 9
237 272 283 9
475 501 512 10
493 528 541 8
84 119 134 7
210 249 259 8
548 580 590 8
564 594 606 9
125 151 166 6
171 204 214 8
267 299 313 7
574 607 620 7
236 263 274 10
87 121 133 10
411 446 461 10
139 176 187 10
122 154 168 9
58 96 111 10
456 495 505 9
548 580 595 5
124 156 168 9
398 432 446 10
275 308 323 9
90 119 131 8
409 436 450 8
435 472 486 6
523 554 564 9
419 458 470 9
214 249 261 10
24 53 68 10
286 314 329 8
423 448 463 5

6 0 20 0 0 0 0 0 0 0 55 0 0 0 0 39 9 0 29 22 0 0 7 50 28 0 0 0 
0 0 59 0 0 0 40 0 0 0 0 0 0 0 0 0 0 32 0 44 0 44 0 0 0 0 0 0 
56 28 0 27 0 8 0 47 51 0 14 22 0 0 0 0 0 60 0 0 0 0 0 29 0 0 0 0 
0 0 57 50 0 0 0 0 0 0 23 0 0 60 0 0 10 0 34 0 0 0 0 47 0 0 28 0 
0 0 24 23 0 0 49 0 0 0 9 0 0 0 0 0 52 0 0 13 0 0 0 16 0 0 0 0 
0 0 0 0 0 6 0 25 0 0 41 0 0 0 0 0 54 0 0 14 0 31 0 0 0 54 0 30 
7 0 0 0 60 0 45 0 0 0 0 0 6 54 41 27 0 0 39 12 0 55 23 0 0 0 0 39 
0 27 0 45 0 35 0 0 0 19 0 0 0 0 49 0 59 0 0 0 12 0 28 0 0 23 0 59 
10 0 0 54 0 0 0 0 0 0 0 0 0 0 0 0 11 0 0 0 33 23 0 0 0 0 0 14 
0 0 0 0 0 36 0 0 0 0 0 25 0 0 0 0 0 20 41 0 0 0 22 0 33 13 0 0 
0 0 0 46 0 0 36 0 0 0 0 0 0 0 0 0 31 20 0 0 0 0 52 0 0 0 47 0 
30 16 0 0 0 59 0 0 0 0 0 0 0 0 0 0 43 0 58 0 0 0 0 0 0 0 0 0 
0 0 49 0 48 0 0 0 8 0 43 0 53 0 0 0 0 0 53 54 0 0 49 9 57 0 0 0 
0 0 0 0 0 0 0 0 47 0 0 22 6 0 26 0 0 0 0 43 0 31 0 54 21 0 0 0 
0 0 0 0 31 0 25 25 0 0 28 46 0 0 46 34 0 56 53 37 0 15 38 45 0 0 0 0 
0 0 0 0 0 0 45 14 0 0 0 45 0 23 0 0 0 0 47 0 0 0 0 10 57 0 54 0 
25 0 0 24 0 0 0 0 0 0 44 0 0 0 47 0 0 0 38 0 0 30 50 32 0 0 58 0 
0 0 48 26 31 0 0 35 0 0 49 0 20 0 0 0 7 0 46 0 6 0 0 0 35 38 57 23 
16 0 0 0 17 0 0 0 0 0 0 0 17 0 0 0 0 0 0 0 14 0 0 48 0 31 31 0 
0 45 7 10 0 0 0 0 0 0 0 0 0 60 0 0 0 0 60 0 0 0 0 0 31 12 55 0 
0 0 0 0 0 0 0 0 0 0 0 0 0 0 0 22 6 43 0 0 0 0 38 0 53 0 0 0 
0 9 19 54 21 0 0 0 25 0 54 0 0 10 0 0 0 0 55 0 45 0 0 0 0 0 0 0 
0 0 59 0 6 24 0 0 30 0 0 27 0 0 0 0 0 0 0 0 0 0 26 0 0 0 0 11 
59 0 0 35 52 0 0 0 0 0 0 0 0 0 0 41 0 0 0 0 0 0 0 0 20 37 0 45 
0 0 0 39 0 0 0 57 0 0 0 0 13 0 0 0 0 0 0 45 0 19 17 0 0 51 0 0 
36 0 0 58 0 0 0 0 32 0 0 18 0 0 21 37 49 0 0 0 0 0 43 0 37 56 0 53 
44 0 52 12 59 0 0 0 0 0 43 0 0 0 0 0 0 0 37 0 52 0 0 0 57 0 0 0 
0 0 13 0 0 0 0 0 0 0 0 0 0 25 0 0 0 31 41 0 0 23 51 0 0 0 22 8 

18 0 23 0 0 0 0 0 0 0 20 0 0 0 0 25 15 0 17 25 0 0 24 16 21 0 0 0 
0 0 15 0 0 0 18 0 0 0 0 0 0 0 0 0 0 23 0 25 0 16 0 0 0 0 0 0 
20 25 0 24 0 22 0 24 24 0 17 17 0 0 0 0 0 23 0 0 0 0 0 16 0 0 0 0 
0 0 24 22 0 0 0 0 0 0 16 0 0 20 0 0 17 0 17 0 0 0 0 19 0 0 16 0 
0 0 21 20 0 0 22 0 0 0 19 0 0 0 0 0 22 0 0 19 0 0 0 17 0 0 0 0 
0 0 0 0 0 24 0 22 0 0 15 0 0 0 0 0 19 0 0 19 0 21 0 0 0 16 0 20 
25 0 0 0 16 0 24 0 0 0 0 0 23 15 24 23 0 0 22 22 0 23 17 0 0 0 0 15 
0 16 0 24 0 17 0 0 0 17 0 0 0 0 18 0 21 0 0 0 19 0 17 0 0 21 0 22 
23 0 0 24 0 0 0 0 0 0 0 0 0 0 0 0 18 0 0 0 17 17 0 0 0 0 0 23 
0 0 0 0 0 24 0 0 0 0 0 16 0 0 0 0 0 19 20 0 0 0 23 0 25 25 0 0 
0 0 0 24 0 0 23 0 0 0 0 0 0 0 0 0 20 18 0 0 0 0 18 0 0 0 19 0 
20 15 0 0 0 19 0 0 0 0 0 0 0 0 0 0 18 0 22 0 0 0 0 0 0 0 0 0 
0 0 15 0 20 0 0 0 25 0 25 0 19 0 0 0 0 0 25 15 0 0 15 25 21 0 0 0 
0 0 0 0 0 0 0 0 20 0 0 22 19 0 16 0 0 0 0 19 0 25 0 22 17 0 0 0 
0 0 0 0 24 0 24 17 0 0 21 17 0 0 15 15 0 25 18 17 0 17 22 18 0 0 0 0 
0 0 0 0 0 0 22 19 0 0 0 24 0 24 0 0 0 0 21 0 0 0 0 22 23 0 15 0 
16 0 0 23 0 0 0 0 0 0 15 0 0 0 18 0 0 0 15 0 0 22 18 25 0 0 22 0 
0 0 25 22 22 0 0 20 0 0 21 0 15 0 0 0 24 0 24 0 19 0 0 0 25 15 23 16 
24 0 0 0 15 0 0 0 0 0 0 0 17 0 0 0 0 0 0 0 15 0 0 17 0 16 23 0 
0 23 21 23 0 0 0 0 0 0 0 0 0 15 0 0 0 0 21 0 0 0 0 0 19 25 25 0 
0 0 0 0 0 0 0 0 0 0 0 0 0 0 0 15 17 25 0 0 0 0 17 0 18 0 0 0 
0 15 15 25 23 0 0 0 15 0 24 0 0 22 0 0 0 0 19 0 24 0 0 0 0 0 0 0 
0 0 18 0 22 16 0 0 17 0 0 18 0 0 0 0 0 0 0 0 0 0 19 0 0 0 0 23 
17 0 0 24 22 0 0 0 0 0 0 0 0 0 0 18 0 0 0 0 0 0 0 0 21 18 0 22 
0 0 0 16 0 0 0 20 0 0 0 0 21 0 0 0 0 0 0 24 0 22 23 0 0 20 0 0 
24 0 0 25 0 0 0 0 16 0 0 23 0 0 19 21 17 0 0 0 0 0 25 0 17 20 0 17 
20 0 25 19 19 0 0 0 0 0 19 0 0 0 0 0 0 0 17 0 25 0 0 0 17 0 0 0 
0 0 19 0 0 0 0 0 0 0 0 0 0 22 0 0 0 20 25 0 0 25 22 0 0 0 15 21 
