15 15 4 4
20
3 4 5 6 
4 3 4 5 
5 4 3 4 
6 5 4 3 

221 256 271 7
15 48 58 8
100 134 145 8
69 97 110 7
89 122 134 9
164 197 211 8
192 217 231 10
42 72 87 5
135 173 183 9
208 236 250 5
174 209 220 10
175 211 221 6
92 126 141 6
144 178 190 10
14 49 59 6
69 104 114 7
176 215 228 8
82 114 124 10
121 151 166 9
159 185 196 9
232 265 278 5
169 201 214 8
148 181 191 7
113 140 153 7
62 96 108 9
115 150 161 9
194 231 242 10
240 272 285 8
78 116 131 7
232 271 281 8

6 20 55 39 9 29 22 7 50 28 59 40 32 44 44 
56 28 27 8 47 51 14 22 60 29 57 50 23 60 10 
34 47 28 24 23 49 9 52 13 16 6 25 41 54 14 
31 54 30 7 60 45 6 54 41 27 39 12 55 23 39 
27 45 35 19 49 59 12 28 23 59 10 54 11 33 23 
14 36 25 20 41 22 33 13 46 36 31 20 52 47 30 
16 59 43 58 49 48 8 43 53 53 54 49 9 57 47 
22 6 26 43 31 54 21 31 25 25 28 46 46 34 56 
53 37 15 38 45 45 14 45 23 47 10 57 54 25 24 
44 47 38 30 50 32 58 48 26 31 35 49 20 7 46 
6 35 38 57 23 16 17 17 14 48 31 31 45 7 10 
60 60 31 12 55 22 6 43 38 53 9 19 54 21 25 
54 10 55 45 59 6 24 30 27 26 11 59 35 52 41 
20 37 45 39 57 13 45 19 17 51 36 58 32 18 21 
37 49 43 37 56 53 44 52 12 59 43 37 52 57 13 

18 23 20 25 15 17 25 24 16 21 15 18 23 25 16 
20 25 24 22 24 24 17 17 23 16 24 22 16 20 17 
17 19 16 21 20 22 19 22 19 17 24 22 15 19 19 
21 16 20 25 16 24 23 15 24 23 22 22 23 17 15 
16 24 17 17 18 21 19 17 21 22 23 24 18 17 17 
23 24 16 19 20 23 25 25 24 23 20 18 18 19 20 
15 19 18 22 15 20 25 25 19 25 15 15 25 21 20 
22 19 16 19 25 22 17 24 24 17 21 17 15 15 25 
18 17 17 22 18 22 19 24 24 21 22 23 15 16 23 
15 18 15 22 18 25 22 25 22 22 20 21 15 24 24 
19 25 15 23 16 24 15 17 15 17 16 23 23 21 23 
15 21 19 25 25 15 17 25 17 18 15 15 25 23 15 
24 22 19 24 18 22 16 17 18 19 23 17 24 22 18 
21 18 22 16 20 21 24 22 23 20 24 25 16 23 19 
21 17 25 17 20 17 20 25 19 19 19 17 25 17 19 
