50 50 8 8
20
3 4 5 6 7 8 9 10 
4 3 4 5 6 7 8 9 
5 4 3 4 5 6 7 8 
6 5 4 3 4 5 6 7 
7 6 5 4 3 4 5 6 
8 7 6 5 4 3 4 5 
9 8 7 6 5 4 3 4 
10 9 8 7 6 5 4 3 

221 256 271 7
15 48 58 8
250 284 295 8
369 397 410 7
14 47 59 9
314 347 361 8
117 142 156 10
342 372 387 5
135 173 183 9
58 86 100 5
249 284 295 10
250 286 296 6
17 51 66 6
69 103 115 10
14 49 59 6
91 121 131 7
178 210 223 8
97 128 138 10
243 268 283 9
92 121 132 9
1 38 51 5
244 282 295 8
222 254 264 7
80 119 132 7
349 382 394 9
52 87 98 9
50 76 87 10
153 188 201 8
330 361 376 7
5 32 42 8
144 171 181 8
372 412 424 9
238 275 290 6
79 105 115 8
38 66 80 7
274 309 322 7
54 84 95 10
292 325 337 10
18 57 72 10
186 212 223 10
226 264 278 9
180 215 230 10
36 69 79 9
99 135 150 5
124 163 175 9
196 228 242 10
124 157 172 9
250 286 298 8
222 248 262 8
290 326 340 6
87 122 132 9
350 389 401 9
292 324 336 10
143 173 188 10
197 223 238 8
146 179 194 5
113 145 156 9
346 379 391 9
79 106 118 6
358 392 406 9
297 332 345 10
304 341 354 7
182 214 225 7
202 240 252 9
156 195 210 6
134 166 181 9
38 70 81 10
142 176 186 8
281 314 324 8
123 152 165 6
187 214 228 9
99 136 150 8
212 243 254 9
142 181 192 10
314 349 362 10
93 122 134 6
243 271 284 7
369 394 405 9
378 410 425 9
50 80 93 10
326 356 368 6
53 87 102 9
185 216 229 8
368 406 419 5
145 176 187 6
371 404 415 7
94 121 136 5
154 193 203 7
60 90 100 8
343 382 396 10
251 284 296 10
381 407 418 10
285 312 325 6
294 329 343 6
202 234 249 8
160 185 195 5
390 423 436 10
369 397 409 6
39 74 89 5
363 401 416 5

6 20 55 39 9 29 22 7 50 28 59 40 32 44 44 56 28 27 8 47 51 14 22 60 29 57 50 23 60 10 34 47 28 24 23 49 9 52 13 16 6 25 41 54 14 31 54 30 7 60 
45 6 54 41 27 39 12 55 23 39 27 45 35 19 49 59 12 28 23 59 10 54 11 33 23 14 36 25 20 41 22 33 13 46 36 31 20 52 47 30 16 59 43 58 49 48 8 43 53 53 
54 49 9 57 47 22 6 26 43 31 54 21 31 25 25 28 46 46 34 56 53 37 15 38 45 45 14 45 23 47 10 57 54 25 24 44 47 38 30 50 32 58 48 26 31 35 49 20 7 46 
6 35 38 57 23 16 17 17 14 48 31 31 45 7 10 60 60 31 12 55 22 6 43 38 53 9 19 54 21 25 54 10 55 45 59 6 24 30 27 26 11 59 35 52 41 20 37 45 39 57 
13 45 19 17 51 36 58 32 18 21 37 49 43 37 56 53 44 52 12 59 43 37 52 57 13 25 31 41 23 51 22 8 6 49 42 9 7 7 35 10 48 23 19 44 41 58 54 29 12 25 
28 22 47 40 20 58 27 42 29 18 30 38 44 50 22 24 47 6 18 42 21 50 17 13 49 27 52 40 49 18 9 10 39 21 41 30 20 21 56 16 55 20 19 59 6 20 57 11 38 54 
28 46 48 43 49 27 13 23 56 31 12 50 37 44 41 39 7 58 20 32 21 11 16 16 34 26 59 20 23 35 16 45 23 14 23 8 15 13 42 20 8 30 34 39 52 54 59 39 41 51 
10 58 11 18 40 10 58 53 43 13 21 32 45 50 21 27 52 7 16 60 11 20 51 26 25 55 19 39 8 19 57 42 15 57 29 29 14 50 54 26 51 40 35 7 7 18 43 32 59 42 
57 27 41 45 19 17 52 25 25 22 20 26 15 33 52 39 55 46 56 26 54 22 18 47 41 44 60 12 46 12 53 12 8 33 54 57 11 59 53 15 27 54 51 6 47 48 39 21 49 14 
21 43 22 32 30 39 32 24 26 55 27 20 44 47 25 57 16 33 46 40 27 26 19 14 45 28 52 51 21 15 9 40 46 50 49 21 50 41 43 49 27 33 17 60 42 50 9 45 46 59 
12 53 45 23 26 41 10 42 32 26 57 58 27 39 14 46 22 7 54 54 29 22 35 34 12 53 11 30 50 37 51 12 41 45 26 47 59 32 47 30 11 41 36 32 10 42 14 53 48 15 
35 9 7 34 17 53 51 26 21 17 59 56 15 48 47 19 28 31 18 31 25 52 38 25 23 12 40 33 52 40 23 60 23 27 50 57 42 49 39 12 14 16 50 31 50 21 45 9 9 33 
42 47 34 27 7 31 43 17 8 25 47 54 57 44 47 29 48 50 52 53 44 13 22 14 46 44 45 22 35 25 60 18 18 60 18 23 41 45 50 53 35 46 59 6 16 23 23 51 20 54 
39 28 12 28 53 50 25 39 15 30 39 28 49 33 13 13 59 32 58 9 7 32 44 9 12 53 8 58 18 25 29 40 33 9 6 40 43 42 27 27 16 58 54 34 21 41 23 51 38 8 
38 19 31 60 14 28 25 41 48 16 28 51 23 37 28 12 11 55 53 43 11 35 31 18 17 11 9 9 40 58 6 54 17 54 58 38 30 14 35 15 41 55 16 6 17 35 31 36 37 59 
46 55 10 56 7 56 11 11 47 25 9 10 51 56 15 33 23 9 16 14 16 36 35 53 28 14 28 41 11 8 46 41 36 44 24 56 26 26 7 36 43 12 6 28 26 35 31 58 52 14 
36 29 17 6 39 25 42 48 60 31 17 9 59 40 44 32 50 33 20 55 33 45 48 56 43 6 52 16 39 30 39 25 31 9 30 42 35 53 9 35 59 22 43 50 35 60 45 34 16 39 
37 51 57 60 21 44 7 21 57 39 41 54 32 45 26 53 45 43 27 45 12 51 23 39 35 38 55 39 40 21 10 46 17 37 8 43 37 41 48 20 36 40 41 30 24 40 15 45 29 59 
11 33 32 11 37 27 9 56 7 19 33 6 7 52 39 58 7 20 25 33 31 49 56 43 22 16 16 34 17 40 20 38 16 7 10 8 48 56 25 18 15 30 34 31 29 24 53 31 24 11 
31 30 19 36 10 10 59 13 25 46 36 40 19 48 51 8 44 51 17 29 39 10 44 6 28 35 33 28 33 31 29 39 11 42 22 33 17 39 53 7 27 32 25 58 29 7 14 25 33 9 
31 23 42 54 19 36 18 53 31 9 8 58 17 36 54 41 8 19 52 53 12 54 10 26 13 37 43 21 54 23 51 59 46 36 17 26 59 11 26 47 50 18 35 11 23 8 44 14 48 13 
57 12 8 52 58 7 40 20 14 8 43 47 56 45 53 8 22 45 19 17 19 24 26 24 43 28 10 28 12 60 10 48 60 49 37 29 52 25 37 16 47 24 9 40 15 54 39 35 18 11 
15 7 59 11 33 45 51 19 53 39 21 45 37 7 30 30 20 22 21 22 24 46 25 55 11 22 55 60 32 23 16 39 21 10 16 49 36 34 40 42 35 14 58 52 31 40 13 27 28 46 
20 13 35 52 48 34 60 16 35 9 46 45 7 26 20 39 33 23 42 48 41 14 50 7 10 22 45 11 53 37 39 8 19 57 41 27 55 29 25 42 12 24 44 12 46 6 13 57 30 15 
54 58 22 13 18 30 17 18 7 46 18 46 36 57 47 12 20 29 7 38 14 60 37 41 39 25 31 41 45 27 54 53 50 51 27 51 51 11 51 59 19 30 59 54 6 10 19 7 33 31 
43 39 22 8 49 44 48 35 49 19 59 20 27 32 44 51 31 37 55 16 32 36 14 18 37 15 47 50 14 60 16 32 29 53 53 51 43 16 32 22 12 32 24 47 13 57 10 42 30 50 
9 7 23 51 32 60 21 55 8 38 47 55 17 41 49 23 9 41 60 34 30 6 13 16 17 19 49 19 53 33 9 42 46 15 31 9 34 42 45 50 34 27 6 48 19 60 42 40 24 29 
10 46 44 16 20 8 43 43 40 17 58 37 31 21 33 50 20 45 20 11 33 40 16 45 36 49 37 30 56 20 14 11 58 50 34 46 60 24 44 59 53 11 49 44 60 38 25 12 51 31 
27 9 16 55 56 34 11 59 20 60 38 26 51 16 19 35 54 55 56 23 20 46 9 43 32 34 10 31 19 30 56 14 36 25 30 28 27 28 41 44 25 39 21 9 33 44 28 59 17 38 
27 52 29 53 41 50 53 14 43 41 17 60 22 22 32 16 44 50 47 57 43 44 48 40 35 52 6 13 57 16 23 58 23 55 49 28 48 24 37 16 15 34 52 24 48 36 40 10 13 37 
59 25 56 17 21 58 42 46 23 53 21 11 27 15 9 17 8 39 29 22 37 35 24 32 42 16 34 13 17 58 38 53 11 55 25 47 52 24 49 60 58 9 46 25 28 26 31 38 11 15 
28 25 22 60 8 38 60 12 52 60 46 45 48 45 18 21 45 20 38 48 48 47 12 53 30 56 30 37 14 34 39 55 21 24 16 35 52 10 56 49 23 42 55 59 54 49 14 58 39 60 
50 43 47 51 21 42 40 42 9 7 50 51 37 47 29 42 41 59 41 28 47 48 12 19 6 51 56 23 59 16 38 29 30 19 46 18 23 25 27 12 59 44 15 6 53 11 32 22 59 16 
32 20 24 22 19 27 48 25 48 6 58 38 28 43 60 60 17 56 55 42 42 42 44 7 18 27 12 45 55 24 32 22 18 35 12 30 28 14 36 37 22 33 36 52 23 53 43 26 24 39 
19 28 32 58 38 34 30 32 40 46 16 53 49 45 36 24 12 51 45 54 12 33 28 31 42 12 16 38 15 22 24 23 49 37 37 11 30 57 54 28 45 40 41 39 23 14 23 34 36 27 
15 45 15 29 39 24 18 29 47 51 36 31 16 53 57 11 15 31 7 24 40 27 15 35 33 21 38 37 59 46 12 31 22 32 26 7 36 52 29 35 8 43 41 23 59 32 19 24 56 17 
19 47 45 24 19 19 38 41 29 25 45 14 22 41 29 46 23 10 21 12 29 30 55 7 30 31 40 39 28 42 29 20 25 17 16 7 7 18 50 6 30 27 25 44 25 27 13 53 53 33 
16 15 60 38 27 58 16 15 54 9 27 33 11 43 37 50 12 58 18 27 52 48 14 37 56 14 12 46 8 41 24 31 51 10 47 38 50 46 52 20 42 31 10 37 11 8 55 7 23 59 
59 56 33 45 28 50 25 14 10 20 23 60 24 19 17 23 53 35 11 53 22 10 54 38 19 58 53 8 53 36 26 29 27 53 58 14 34 25 41 48 47 6 40 46 42 13 45 47 28 12 
45 49 13 23 16 18 15 38 60 7 53 16 33 51 13 28 41 60 28 54 7 35 47 30 39 56 18 50 41 12 55 30 31 19 30 57 52 26 12 15 7 12 51 18 56 9 32 17 47 36 
6 36 60 10 25 6 29 52 45 26 15 8 48 21 8 12 54 30 12 55 10 8 55 58 40 48 20 10 48 49 23 9 37 35 47 56 28 47 41 18 28 58 50 16 28 17 54 25 29 36 
56 34 38 40 60 42 41 48 27 28 13 13 34 44 30 11 16 30 33 47 17 33 6 31 40 6 29 14 49 33 17 51 28 27 58 53 11 24 40 49 13 31 38 14 7 31 50 57 14 26 
16 46 37 22 54 32 15 37 42 14 32 42 60 27 41 21 24 53 26 21 49 14 59 59 22 29 8 38 11 11 59 46 17 52 20 53 58 59 12 33 49 23 28 9 10 11 53 30 6 52 
6 39 54 28 46 45 39 25 52 39 21 10 41 58 28 31 40 34 23 31 38 34 37 27 22 18 58 53 33 50 33 43 54 59 21 9 35 56 34 41 11 11 8 39 39 38 7 30 6 35 
22 24 27 14 44 60 40 47 36 31 52 59 43 22 44 42 33 17 21 34 49 40 9 21 25 12 18 19 21 18 44 28 25 21 14 39 44 46 55 16 43 19 8 21 34 55 10 48 49 9 
36 10 21 26 10 28 31 59 58 58 13 15 45 41 20 49 41 28 39 54 12 13 45 23 23 15 20 28 29 37 47 38 19 41 20 42 60 9 40 10 19 7 40 20 6 12 48 47 35 36 
29 12 53 12 37 35 51 16 7 22 22 42 31 56 49 34 21 54 39 49 33 11 12 43 17 23 9 36 57 25 25 48 39 20 55 48 34 36 58 44 48 18 42 33 51 49 10 22 27 27 
51 41 15 25 7 22 47 17 10 52 58 32 54 22 46 44 10 7 60 24 27 43 31 26 58 6 32 22 8 19 41 54 29 23 38 9 48 13 29 59 12 21 53 26 18 13 8 39 10 37 
59 31 8 56 37 40 28 41 55 52 26 14 60 26 33 56 44 41 20 21 43 33 34 55 57 58 45 42 24 32 21 11 52 6 57 57 56 25 49 22 14 30 8 60 44 17 19 40 21 18 
53 19 41 11 47 22 13 31 15 39 52 56 49 48 19 42 36 49 27 44 49 22 53 37 40 20 46 46 13 8 22 41 48 46 13 11 27 60 26 23 20 50 50 18 15 34 13 57 32 59 

18 23 20 25 15 17 25 24 16 21 15 18 23 25 16 20 25 24 22 24 24 17 17 23 16 24 22 16 20 17 17 19 16 21 20 22 19 22 19 17 24 22 15 19 19 21 16 20 25 16 
24 23 15 24 23 22 22 23 17 15 16 24 17 17 18 21 19 17 21 22 23 24 18 17 17 23 24 16 19 20 23 25 25 24 23 20 18 18 19 20 15 19 18 22 15 20 25 25 19 25 
15 15 25 21 20 22 19 16 19 25 22 17 24 24 17 21 17 15 15 25 18 17 17 22 18 22 19 24 24 21 22 23 15 16 23 15 18 15 22 18 25 22 25 22 22 20 21 15 24 24 
19 25 15 23 16 24 15 17 15 17 16 23 23 21 23 15 21 19 25 25 15 17 25 17 18 15 15 25 23 15 24 22 19 24 18 22 16 17 18 19 23 17 24 22 18 21 18 22 16 20 
21 24 22 23 20 24 25 16 23 19 21 17 25 17 20 17 20 25 19 19 19 17 25 17 19 22 20 25 25 22 15 21 23 20 25 24 18 25 20 17 21 25 15 24 19 22 24 20 17 22 
24 21 23 22 24 16 25 20 22 19 24 18 22 18 20 17 19 23 20 19 25 22 22 18 16 17 17 22 23 21 18 15 25 23 17 18 23 22 19 24 23 20 17 20 20 15 17 18 19 18 
19 19 23 17 24 25 25 20 24 19 18 17 25 20 20 16 20 18 16 23 15 20 16 18 25 22 21 17 20 24 21 22 22 18 20 24 19 23 25 18 18 23 15 19 18 16 23 18 17 22 
18 19 25 20 23 18 21 16 24 16 16 22 23 19 20 22 19 17 19 16 25 24 15 15 20 25 19 15 20 23 24 19 17 18 22 22 17 19 23 22 19 21 20 23 19 21 17 15 24 21 
15 20 24 22 23 19 15 24 19 21 24 20 24 24 15 20 20 22 24 23 20 23 25 20 16 23 22 20 24 21 23 18 24 20 23 25 19 18 24 19 19 16 16 24 25 19 17 18 18 17 
25 19 15 15 18 19 21 19 25 17 21 18 21 19 18 23 24 24 24 23 20 23 21 18 23 22 16 21 23 22 15 18 25 21 17 24 24 18 23 18 16 19 18 22 25 25 22 18 17 21 
22 25 18 24 23 17 18 19 24 16 19 25 16 17 24 16 21 18 21 24 21 17 22 20 16 23 23 23 25 18 23 19 16 19 18 20 25 23 21 21 24 23 15 21 25 18 22 21 22 23 
21 25 23 24 25 19 20 16 17 18 22 22 22 25 15 20 24 24 22 16 24 25 25 20 22 15 15 23 19 22 20 15 21 21 25 15 20 22 21 17 25 20 15 16 20 18 19 25 16 15 
15 25 25 25 21 22 23 21 16 15 16 16 17 15 20 17 22 23 25 21 23 23 16 22 15 15 22 23 20 19 23 23 19 25 21 25 25 17 25 15 23 24 24 17 24 16 25 21 20 18 
15 20 15 18 25 17 16 18 16 19 21 20 21 18 21 25 20 25 19 25 18 25 17 21 16 22 22 25 24 19 22 22 22 20 16 15 21 21 19 15 22 21 24 17 25 21 21 15 15 22 
23 17 15 17 17 19 15 22 24 18 18 24 23 25 16 19 19 21 16 22 19 24 25 24 24 19 18 25 22 17 21 19 15 15 17 24 15 25 23 16 21 24 16 24 21 19 20 15 22 21 
24 23 16 18 22 22 17 17 15 16 19 17 17 22 21 25 18 23 16 15 24 20 22 15 25 18 17 23 16 17 20 15 18 19 18 23 16 21 25 23 17 17 22 16 23 17 23 23 23 18 
19 22 20 22 15 20 19 15 22 23 15 23 19 17 22 21 17 20 17 24 25 15 17 23 22 19 23 19 24 23 20 16 17 21 23 18 22 25 24 20 16 24 21 15 16 20 19 15 17 20 
21 23 20 24 23 25 16 23 21 19 22 19 24 18 24 15 17 18 16 23 19 17 22 17 21 21 20 19 25 21 19 19 19 21 23 20 15 22 21 18 15 25 23 24 23 23 20 24 19 19 
19 25 22 19 17 25 25 24 18 16 22 22 18 16 25 17 24 25 21 19 17 25 21 25 25 23 16 21 25 24 18 24 23 16 25 24 24 19 24 19 24 17 19 20 19 22 23 16 22 25 
20 22 21 15 21 18 25 24 24 18 18 20 17 15 22 23 18 15 15 20 15 18 15 19 20 16 18 23 18 20 21 19 23 16 22 19 19 18 25 22 16 15 17 23 23 24 21 21 21 16 
15 24 22 18 16 17 18 23 19 16 20 24 17 25 16 21 22 15 22 22 19 16 19 19 21 16 24 16 16 23 19 19 18 19 22 20 25 19 19 25 20 23 19 15 16 19 23 15 20 22 
19 24 25 19 15 15 25 17 21 18 23 23 21 17 25 15 22 18 18 15 15 17 18 21 17 18 20 15 25 24 15 24 25 22 23 23 24 23 21 23 23 18 19 15 23 18 23 22 20 20 
23 18 16 20 19 20 21 22 20 20 20 19 24 20 24 15 16 19 20 16 18 23 20 20 22 15 16 18 25 23 16 23 21 24 22 15 16 25 24 22 15 24 25 20 16 16 23 20 23 19 
25 23 18 25 16 21 18 24 18 18 25 15 23 16 15 15 22 16 16 16 24 24 17 25 22 18 17 19 25 19 19 23 25 21 22 18 16 21 23 18 17 16 20 19 20 22 17 17 15 15 
25 19 24 18 21 18 21 16 21 19 18 20 25 17 24 22 20 17 20 15 25 15 23 15 23 19 22 24 17 19 24 21 25 24 20 15 23 25 17 15 23 24 21 25 20 16 17 23 16 23 
15 17 20 19 23 20 20 25 20 22 19 23 18 24 20 20 22 23 20 20 22 25 23 16 15 15 22 24 16 24 16 19 20 16 21 17 20 15 20 17 25 17 16 19 25 19 17 20 16 21 
15 15 19 22 21 18 23 22 23 17 17 15 22 21 18 22 24 19 18 17 15 18 21 25 21 21 23 15 22 16 24 15 23 25 23 24 21 17 23 20 16 25 22 18 21 16 19 17 24 15 
21 21 20 19 18 18 25 18 19 15 21 15 18 18 15 23 21 22 20 24 18 15 21 23 23 19 21 15 22 21 15 25 19 18 24 25 17 15 19 21 20 20 18 15 18 21 17 23 18 17 
25 25 16 18 22 25 18 21 16 22 18 24 22 21 22 15 20 23 17 23 19 24 23 17 16 21 15 23 20 19 17 18 16 19 20 22 18 16 23 22 25 21 21 16 22 18 24 23 21 16 
18 15 17 22 24 20 21 24 21 23 15 18 15 25 24 18 24 23 24 16 18 19 16 16 24 15 20 17 21 15 22 25 16 16 22 15 17 20 16 17 17 16 15 21 20 25 17 18 18 25 
16 22 17 25 25 19 20 22 16 24 15 24 21 20 21 21 17 17 23 23 24 24 24 21 20 20 21 15 21 19 20 25 16 21 24 24 18 24 23 15 24 22 15 21 17 16 25 19 17 15 
21 23 18 23 18 18 17 24 18 25 16 21 17 21 18 20 20 15 18 23 15 20 25 23 15 24 22 19 25 24 16 20 17 24 15 22 23 25 24 22 19 17 19 17 15 21 19 19 17 19 
15 15 18 21 15 15 24 21 24 21 19 25 19 20 19 19 24 16 21 19 18 25 25 25 22 17 18 16 18 19 20 15 15 16 25 16 24 19 22 19 16 16 24 22 19 15 19 17 23 17 
24 17 22 20 19 15 17 20 20 21 20 22 18 20 17 20 15 15 19 16 25 20 15 23 17 17 19 19 22 16 16 21 17 15 16 21 25 18 17 25 23 21 20 20 23 24 18 21 20 18 
25 22 23 20 16 17 15 19 21 24 23 22 24 24 22 23 15 23 21 15 25 23 19 24 16 20 20 21 23 21 17 24 17 16 16 17 25 15 15 25 17 19 24 17 25 25 21 16 22 20 
18 25 18 25 22 15 19 20 22 25 21 18 23 18 16 16 23 16 16 21 22 24 19 24 22 17 24 15 21 20 18 23 16 17 17 22 21 23 22 18 20 18 18 21 22 21 15 15 21 25 
19 19 17 18 19 21 20 21 24 21 19 23 19 24 19 20 16 18 22 25 18 17 18 17 24 20 24 24 22 15 19 19 20 25 21 17 15 17 24 19 22 19 23 18 21 23 15 17 19 24 
19 24 22 19 24 25 15 22 20 19 15 23 24 18 16 17 20 15 23 16 25 23 15 16 25 25 19 20 19 15 25 21 15 15 16 23 18 23 21 16 25 21 20 21 17 22 21 16 24 25 
15 16 17 21 19 15 25 23 18 16 19 23 17 18 22 15 24 19 18 23 23 20 15 17 25 19 16 18 25 21 22 16 25 22 23 18 24 23 22 16 23 20 16 16 23 21 20 25 23 16 
18 20 23 16 17 20 17 23 17 25 19 23 20 24 24 24 17 18 25 18 25 20 20 20 18 24 17 22 24 24 19 15 24 15 19 18 24 24 17 25 19 19 21 16 19 23 21 19 15 23 
23 19 21 15 15 16 16 18 16 23 24 16 20 19 18 25 18 16 25 23 17 23 18 18 16 18 21 20 19 18 25 16 18 24 25 15 22 17 17 18 16 25 22 19 19 18 25 17 16 24 
19 24 18 25 18 22 16 19 23 25 21 19 25 18 15 22 21 22 23 19 19 22 15 21 25 21 15 16 24 17 21 15 20 24 25 23 24 21 16 17 21 25 18 25 20 19 22 23 23 19 
21 18 21 15 21 24 18 21 17 17 22 21 25 25 16 23 22 24 21 17 18 22 18 20 15 19 17 24 22 20 20 16 15 16 17 17 23 22 23 19 23 21 20 16 20 21 25 22 17 25 
24 21 23 18 17 18 16 22 20 15 25 15 23 23 16 16 17 25 16 15 19 22 18 23 17 18 18 20 24 21 23 24 24 18 21 22 24 25 18 18 17 21 21 25 22 19 25 23 21 17 
23 17 21 23 22 25 17 24 19 24 16 24 22 23 24 25 20 15 15 21 18 22 16 19 22 22 16 20 19 24 23 21 19 22 17 16 17 16 24 15 16 25 25 24 16 16 15 20 22 25 
22 17 19 20 18 18 23 18 18 16 22 21 15 21 15 23 19 22 21 21 17 24 16 23 17 24 22 17 17 25 22 21 17 23 17 20 25 17 21 16 25 17 17 25 19 15 16 25 19 24 
22 16 18 17 25 25 18 23 15 22 25 19 20 18 23 16 21 17 24 16 15 23 20 24 20 15 23 22 16 20 24 18 15 25 20 15 24 19 17 21 18 23 23 15 19 24 15 22 19 23 
21 16 16 17 19 22 18 21 16 18 23 16 21 15 16 24 17 22 16 21 21 20 24 24 16 22 22 16 25 15 22 19 25 22 16 17 23 22 15 21 21 25 18 18 15 15 24 20 22 15 
25 24 22 16 21 17 19 22 24 25 16 18 21 21 19 20 24 20 24 18 25 17 15 17 20 24 19 18 19 21 16 25 20 20 24 19 25 19 25 21 22 19 18 19 18 17 19 25 25 22 
18 24 25 20 18 23 20 19 19 25 24 20 18 25 21 16 15 24 23 24 17 23 23 17 20 19 19 23 21 18 22 22 25 19 19 25 19 20 15 20 25 15 20 15 23 20 18 19 16 21 
