28 28 3 3
20
3 4 5 
4 3 4 
5 4 3 

246 281 296 7
60 93 103 8
285 319 330 8
249 277 290 7
144 177 189 9
154 187 201 8
92 117 131 10
342 372 387 5
400 438 448 9
193 221 235 5
369 404 415 10
210 246 256 6
237 271 286 6
104 138 150 10
94 129 139 6
461 491 501 7
343 375 388 8
522 553 563 10
243 268 283 9
37 66 77 9
431 468 481 5
374 412 425 8
467 499 509 7
245 284 297 7
444 477 489 9
237 272 283 9
475 501 512 10
493 528 541 8
84 119 134 7
210 249 259 8
548 580 590 8
564 594 606 9
125 151 166 6
171 204 214 8
267 299 313 7
574 607 620 7
236 263 274 10
87 121 133 10
411 446 461 10
139 176 187 10
122 154 168 9
58 96 111 10
456 495 505 9
548 580 595 5
124 156 168 9
398 432 446 10
275 308 323 9
90 119 131 8
409 436 450 8
435 472 486 6
523 554 564 9
419 458 470 9
214 249 261 10
24 53 68 10
286 314 329 8
423 448 463 5

6 20 55 39 9 29 22 7 50 28 59 40 32 44 44 56 28 27 8 47 51 14 22 60 29 57 50 23 
60 10 34 47 28 24 23 49 9 52 13 16 6 25 41 54 14 31 54 30 7 60 45 6 54 41 27 39 
12 55 23 39 27 45 35 19 49 59 12 28 23 59 10 54 11 33 23 14 36 25 20 41 22 33 13 46 
36 31 20 52 47 30 16 59 43 58 49 48 8 43 53 53 54 49 9 57 47 22 6 26 43 31 54 21 
31 25 25 28 46 46 34 56 53 37 15 38 45 45 14 45 23 47 10 57 54 25 24 44 47 38 30 50 
32 58 48 26 31 35 49 20 7 46 6 35 38 57 23 16 17 17 14 48 31 31 45 7 10 60 60 31 
12 55 22 6 43 38 53 9 19 54 21 25 54 10 55 45 59 6 24 30 27 26 11 59 35 52 41 20 
37 45 39 57 13 45 19 17 51 36 58 32 18 21 37 49 43 37 56 53 44 52 12 59 43 37 52 57 
13 25 31 41 23 51 22 8 6 49 42 9 7 7 35 10 48 23 19 44 41 58 54 29 12 25 28 22 
47 40 20 58 27 42 29 18 30 38 44 50 22 24 47 6 18 42 21 50 17 13 49 27 52 40 49 18 
9 10 39 21 41 30 20 21 56 16 55 20 19 59 6 20 57 11 38 54 28 46 48 43 49 27 13 23 
56 31 12 50 37 44 41 39 7 58 20 32 21 11 16 16 34 26 59 20 23 35 16 45 23 14 23 8 
15 13 42 20 8 30 34 39 52 54 59 39 41 51 10 58 11 18 40 10 58 53 43 13 21 32 45 50 
21 27 52 7 16 60 11 20 51 26 25 55 19 39 8 19 57 42 15 57 29 29 14 50 54 26 51 40 
35 7 7 18 43 32 59 42 57 27 41 45 19 17 52 25 25 22 20 26 15 33 52 39 55 46 56 26 
54 22 18 47 41 44 60 12 46 12 53 12 8 33 54 57 11 59 53 15 27 54 51 6 47 48 39 21 
49 14 21 43 22 32 30 39 32 24 26 55 27 20 44 47 25 57 16 33 46 40 27 26 19 14 45 28 
52 51 21 15 9 40 46 50 49 21 50 41 43 49 27 33 17 60 42 50 9 45 46 59 12 53 45 23 
26 41 10 42 32 26 57 58 27 39 14 46 22 7 54 54 29 22 35 34 12 53 11 30 50 37 51 12 
41 45 26 47 59 32 47 30 11 41 36 32 10 42 14 53 48 15 35 9 7 34 17 53 51 26 21 17 
59 56 15 48 47 19 28 31 18 31 25 52 38 25 23 12 40 33 52 40 23 60 23 27 50 57 42 49 
39 12 14 16 50 31 50 21 45 9 9 33 42 47 34 27 7 31 43 17 8 25 47 54 57 44 47 29 
48 50 52 53 44 13 22 14 46 44 45 22 35 25 60 18 18 60 18 23 41 45 50 53 35 46 59 6 
16 23 23 51 20 54 39 28 12 28 53 50 25 39 15 30 39 28 49 33 13 13 59 32 58 9 7 32 
44 9 12 53 8 58 18 25 29 40 33 9 6 40 43 42 27 27 16 58 54 34 21 41 23 51 38 8 
38 19 31 60 14 28 25 41 48 16 28 51 23 37 28 12 11 55 53 43 11 35 31 18 17 11 9 9 
40 58 6 54 17 54 58 38 30 14 35 15 41 55 16 6 17 35 31 36 37 59 46 55 10 56 7 56 
11 11 47 25 9 10 51 56 15 33 23 9 16 14 16 36 35 53 28 14 28 41 11 8 46 41 36 44 

18 23 20 25 15 17 25 24 16 21 15 18 23 25 16 20 25 24 22 24 24 17 17 23 16 24 22 16 
20 17 17 19 16 21 20 22 19 22 19 17 24 22 15 19 19 21 16 20 25 16 24 23 15 24 23 22 
22 23 17 15 16 24 17 17 18 21 19 17 21 22 23 24 18 17 17 23 24 16 19 20 23 25 25 24 
23 20 18 18 19 20 15 19 18 22 15 20 25 25 19 25 15 15 25 21 20 22 19 16 19 25 22 17 
24 24 17 21 17 15 15 25 18 17 17 22 18 22 19 24 24 21 22 23 15 16 23 15 18 15 22 18 
25 22 25 22 22 20 21 15 24 24 19 25 15 23 16 24 15 17 15 17 16 23 23 21 23 15 21 19 
25 25 15 17 25 17 18 15 15 25 23 15 24 22 19 24 18 22 16 17 18 19 23 17 24 22 18 21 
18 22 16 20 21 24 22 23 20 24 25 16 23 19 21 17 25 17 20 17 20 25 19 19 19 17 25 17 
19 22 20 25 25 22 15 21 23 20 25 24 18 25 20 17 21 25 15 24 19 22 24 20 17 22 24 21 
23 22 24 16 25 20 22 19 24 18 22 18 20 17 19 23 20 19 25 22 22 18 16 17 17 22 23 21 
18 15 25 23 17 18 23 22 19 24 23 20 17 20 20 15 17 18 19 18 19 19 23 17 24 25 25 20 
24 19 18 17 25 20 20 16 20 18 16 23 15 20 16 18 25 22 21 17 20 24 21 22 22 18 20 24 
19 23 25 18 18 23 15 19 18 16 23 18 17 22 18 19 25 20 23 18 21 16 24 16 16 22 23 19 
20 22 19 17 19 16 25 24 15 15 20 25 19 15 20 23 24 19 17 18 22 22 17 19 23 22 19 21 
20 23 19 21 17 15 24 21 15 20 24 22 23 19 15 24 19 21 24 20 24 24 15 20 20 22 24 23 
20 23 25 20 16 23 22 20 24 21 23 18 24 20 23 25 19 18 24 19 19 16 16 24 25 19 17 18 
18 17 25 19 15 15 18 19 21 19 25 17 21 18 21 19 18 23 24 24 24 23 20 23 21 18 23 22 
16 21 23 22 15 18 25 21 17 24 24 18 23 18 16 19 18 22 25 25 22 18 17 21 22 25 18 24 
23 17 18 19 24 16 19 25 16 17 24 16 21 18 21 24 21 17 22 20 16 23 23 23 25 18 23 19 
16 19 18 20 25 23 21 21 24 23 15 21 25 18 22 21 22 23 21 25 23 24 25 19 20 16 17 18 
22 22 22 25 15 20 24 24 22 16 24 25 25 20 22 15 15 23 19 22 20 15 21 21 25 15 20 22 
21 17 25 20 15 16 20 18 19 25 16 15 15 25 25 25 21 22 23 21 16 15 16 16 17 15 20 17 
22 23 25 21 23 23 16 22 15 15 22 23 20 19 23 23 19 25 21 25 25 17 25 15 23 24 24 17 
24 16 25 21 20 18 15 20 15 18 25 17 16 18 16 19 21 20 21 18 21 25 20 25 19 25 18 25 
17 21 16 22 22 25 24 19 22 22 22 20 16 15 21 21 19 15 22 21 24 17 25 21 21 15 15 22 
23 17 15 17 17 19 15 22 24 18 18 24 23 25 16 19 19 21 16 22 19 24 25 24 24 19 18 25 
22 17 21 19 15 15 17 24 15 25 23 16 21 24 16 24 21 19 20 15 22 21 24 23 16 18 22 22 
17 17 15 16 19 17 17 22 21 25 18 23 16 15 24 20 22 15 25 18 17 23 16 17 20 15 18 19 
