10 10 3 3
20
3 4 5 
4 3 4 
5 4 3 

46 81 96 7
140 173 183 8
125 159 170 8
169 197 210 7
64 97 109 9
114 147 161 8
92 117 131 10
142 172 187 5
160 198 208 9
33 61 75 5
126 161 172 10
69 108 118 6
125 157 172 6
198 228 240 10
188 214 224 6
90 123 133 7
90 122 135 8
214 247 257 10
158 185 200 9
105 139 150 9

6 20 55 39 9 29 22 7 50 28 
59 40 32 44 44 56 28 27 8 47 
51 14 22 60 29 57 50 23 60 10 
34 47 28 24 23 49 9 52 13 16 
6 25 41 54 14 31 54 30 7 60 
45 6 54 41 27 39 12 55 23 39 
27 45 35 19 49 59 12 28 23 59 
10 54 11 33 23 14 36 25 20 41 
22 33 13 46 36 31 20 52 47 30 
16 59 43 58 49 48 8 43 53 53 

18 23 20 25 15 17 25 24 16 21 
15 18 23 25 16 20 25 24 22 24 
24 17 17 23 16 24 22 16 20 17 
17 19 16 21 20 22 19 22 19 17 
24 22 15 19 19 21 16 20 25 16 
24 23 15 24 23 22 22 23 17 15 
16 24 17 17 18 21 19 17 21 22 
23 24 18 17 17 23 24 16 19 20 
23 25 25 24 23 20 18 18 19 20 
15 19 18 22 15 20 25 25 19 25 
