30 30 8 8
20
3 4 5 6 7 8 9 10 
4 3 4 5 6 7 8 9 
5 4 3 4 5 6 7 8 
6 5 4 3 4 5 6 7 
7 6 5 4 3 4 5 6 
8 7 6 5 4 3 4 5 
9 8 7 6 5 4 3 4 
10 9 8 7 6 5 4 3 

26 61 76 7
60 93 103 8
25 59 70 8
9 37 50 7
44 77 89 9
14 47 61 8
12 37 51 10
42 72 87 5
60 98 108 9
13 41 55 5
9 44 55 10
10 46 56 6
17 51 66 6
24 58 70 10
14 49 59 6
1 31 41 7
43 75 88 8
22 53 63 10
3 28 43 9
17 46 57 9
31 68 81 5
34 72 85 8
27 59 69 7
5 44 57 7
4 37 49 9
37 72 83 9
35 61 72 10
33 68 81 8
30 61 76 7
35 62 72 8
68 103 113 8
63 102 114 9
49 81 96 6
19 49 59 8
23 49 63 7
66 99 112 7
73 105 116 10
46 79 91 10
53 80 95 10
20 54 65 10
42 77 91 9
22 59 74 10
27 59 69 9
58 96 111 5
45 84 96 9
65 97 111 10
18 50 65 9
46 80 92 8
60 93 107 8
55 84 98 6
37 64 74 9
57 94 106 9
24 55 67 10
24 63 78 10
47 82 97 8
63 92 107 5
60 88 99 9
45 70 82 9
53 85 97 6
47 77 91 9

6 20 55 39 9 29 22 7 50 28 59 40 32 44 44 56 28 27 8 47 51 14 22 60 29 57 50 23 60 10 
34 47 28 24 23 49 9 52 13 16 6 25 41 54 14 31 54 30 7 60 45 6 54 41 27 39 12 55 23 39 
27 45 35 19 49 59 12 28 23 59 10 54 11 33 23 14 36 25 20 41 22 33 13 46 36 31 20 52 47 30 
16 59 43 58 49 48 8 43 53 53 54 49 9 57 47 22 6 26 43 31 54 21 31 25 25 28 46 46 34 56 
53 37 15 38 45 45 14 45 23 47 10 57 54 25 24 44 47 38 30 50 32 58 48 26 31 35 49 20 7 46 
6 35 38 57 23 16 17 17 14 48 31 31 45 7 10 60 60 31 12 55 22 6 43 38 53 9 19 54 21 25 
54 10 55 45 59 6 24 30 27 26 11 59 35 52 41 20 37 45 39 57 13 45 19 17 51 36 58 32 18 21 
37 49 43 37 56 53 44 52 12 59 43 37 52 57 13 25 31 41 23 51 22 8 6 49 42 9 7 7 35 10 
48 23 19 44 41 58 54 29 12 25 28 22 47 40 20 58 27 42 29 18 30 38 44 50 22 24 47 6 18 42 
21 50 17 13 49 27 52 40 49 18 9 10 39 21 41 30 20 21 56 16 55 20 19 59 6 20 57 11 38 54 
28 46 48 43 49 27 13 23 56 31 12 50 37 44 41 39 7 58 20 32 21 11 16 16 34 26 59 20 23 35 
16 45 23 14 23 8 15 13 42 20 8 30 34 39 52 54 59 39 41 51 10 58 11 18 40 10 58 53 43 13 
21 32 45 50 21 27 52 7 16 60 11 20 51 26 25 55 19 39 8 19 57 42 15 57 29 29 14 50 54 26 
51 40 35 7 7 18 43 32 59 42 57 27 41 45 19 17 52 25 25 22 20 26 15 33 52 39 55 46 56 26 
54 22 18 47 41 44 60 12 46 12 53 12 8 33 54 57 11 59 53 15 27 54 51 6 47 48 39 21 49 14 
21 43 22 32 30 39 32 24 26 55 27 20 44 47 25 57 16 33 46 40 27 26 19 14 45 28 52 51 21 15 
9 40 46 50 49 21 50 41 43 49 27 33 17 60 42 50 9 45 46 59 12 53 45 23 26 41 10 42 32 26 
57 58 27 39 14 46 22 7 54 54 29 22 35 34 12 53 11 30 50 37 51 12 41 45 26 47 59 32 47 30 
11 41 36 32 10 42 14 53 48 15 35 9 7 34 17 53 51 26 21 17 59 56 15 48 47 19 28 31 18 31 
25 52 38 25 23 12 40 33 52 40 23 60 23 27 50 57 42 49 39 12 14 16 50 31 50 21 45 9 9 33 
42 47 34 27 7 31 43 17 8 25 47 54 57 44 47 29 48 50 52 53 44 13 22 14 46 44 45 22 35 25 
60 18 18 60 18 23 41 45 50 53 35 46 59 6 16 23 23 51 20 54 39 28 12 28 53 50 25 39 15 30 
39 28 49 33 13 13 59 32 58 9 7 32 44 9 12 53 8 58 18 25 29 40 33 9 6 40 43 42 27 27 
16 58 54 34 21 41 23 51 38 8 38 19 31 60 14 28 25 41 48 16 28 51 23 37 28 12 11 55 53 43 
11 35 31 18 17 11 9 9 40 58 6 54 17 54 58 38 30 14 35 15 41 55 16 6 17 35 31 36 37 59 
46 55 10 56 7 56 11 11 47 25 9 10 51 56 15 33 23 9 16 14 16 36 35 53 28 14 28 41 11 8 
46 41 36 44 24 56 26 26 7 36 43 12 6 28 26 35 31 58 52 14 36 29 17 6 39 25 42 48 60 31 
17 9 59 40 44 32 50 33 20 55 33 45 48 56 43 6 52 16 39 30 39 25 31 9 30 42 35 53 9 35 
59 22 43 50 35 60 45 34 16 39 37 51 57 60 21 44 7 21 57 39 41 54 32 45 26 53 45 43 27 45 
12 51 23 39 35 38 55 39 40 21 10 46 17 37 8 43 37 41 48 20 36 40 41 30 24 40 15 45 29 59 

18 23 20 25 15 17 25 24 16 21 15 18 23 25 16 20 25 24 22 24 24 17 17 23 16 24 22 16 20 17 
17 19 16 21 20 22 19 22 19 17 24 22 15 19 19 21 16 20 25 16 24 23 15 24 23 22 22 23 17 15 
16 24 17 17 18 21 19 17 21 22 23 24 18 17 17 23 24 16 19 20 23 25 25 24 23 20 18 18 19 20 
15 19 18 22 15 20 25 25 19 25 15 15 25 21 20 22 19 16 19 25 22 17 24 24 17 21 17 15 15 25 
18 17 17 22 18 22 19 24 24 21 22 23 15 16 23 15 18 15 22 18 25 22 25 22 22 20 21 15 24 24 
19 25 15 23 16 24 15 17 15 17 16 23 23 21 23 15 21 19 25 25 15 17 25 17 18 15 15 25 23 15 
24 22 19 24 18 22 16 17 18 19 23 17 24 22 18 21 18 22 16 20 21 24 22 23 20 24 25 16 23 19 
21 17 25 17 20 17 20 25 19 19 19 17 25 17 19 22 20 25 25 22 15 21 23 20 25 24 18 25 20 17 
21 25 15 24 19 22 24 20 17 22 24 21 23 22 24 16 25 20 22 19 24 18 22 18 20 17 19 23 20 19 
25 22 22 18 16 17 17 22 23 21 18 15 25 23 17 18 23 22 19 24 23 20 17 20 20 15 17 18 19 18 
19 19 23 17 24 25 25 20 24 19 18 17 25 20 20 16 20 18 16 23 15 20 16 18 25 22 21 17 20 24 
21 22 22 18 20 24 19 23 25 18 18 23 15 19 18 16 23 18 17 22 18 19 25 20 23 18 21 16 24 16 
16 22 23 19 20 22 19 17 19 16 25 24 15 15 20 25 19 15 20 23 24 19 17 18 22 22 17 19 23 22 
19 21 20 23 19 21 17 15 24 21 15 20 24 22 23 19 15 24 19 21 24 20 24 24 15 20 20 22 24 23 
20 23 25 20 16 23 22 20 24 21 23 18 24 20 23 25 19 18 24 19 19 16 16 24 25 19 17 18 18 17 
25 19 15 15 18 19 21 19 25 17 21 18 21 19 18 23 24 24 24 23 20 23 21 18 23 22 16 21 23 22 
15 18 25 21 17 24 24 18 23 18 16 19 18 22 25 25 22 18 17 21 22 25 18 24 23 17 18 19 24 16 
19 25 16 17 24 16 21 18 21 24 21 17 22 20 16 23 23 23 25 18 23 19 16 19 18 20 25 23 21 21 
24 23 15 21 25 18 22 21 22 23 21 25 23 24 25 19 20 16 17 18 22 22 22 25 15 20 24 24 22 16 
24 25 25 20 22 15 15 23 19 22 20 15 21 21 25 15 20 22 21 17 25 20 15 16 20 18 19 25 16 15 
15 25 25 25 21 22 23 21 16 15 16 16 17 15 20 17 22 23 25 21 23 23 16 22 15 15 22 23 20 19 
23 23 19 25 21 25 25 17 25 15 23 24 24 17 24 16 25 21 20 18 15 20 15 18 25 17 16 18 16 19 
21 20 21 18 21 25 20 25 19 25 18 25 17 21 16 22 22 25 24 19 22 22 22 20 16 15 21 21 19 15 
22 21 24 17 25 21 21 15 15 22 23 17 15 17 17 19 15 22 24 18 18 24 23 25 16 19 19 21 16 22 
19 24 25 24 24 19 18 25 22 17 21 19 15 15 17 24 15 25 23 16 21 24 16 24 21 19 20 15 22 21 
24 23 16 18 22 22 17 17 15 16 19 17 17 22 21 25 18 23 16 15 24 20 22 15 25 18 17 23 16 17 
20 15 18 19 18 23 16 21 25 23 17 17 22 16 23 17 23 23 23 18 19 22 20 22 15 20 19 15 22 23 
15 23 19 17 22 21 17 20 17 24 25 15 17 23 22 19 23 19 24 23 20 16 17 21 23 18 22 25 24 20 
16 24 21 15 16 20 19 15 17 20 21 23 20 24 23 25 16 23 21 19 22 19 24 18 24 15 17 18 16 23 
19 17 22 17 21 21 20 19 25 21 19 19 19 21 23 20 15 22 21 18 15 25 23 24 23 23 20 24 19 19 
