80 80 10 10
20
3 4 5 6 7 8 9 10 11 12 
4 3 4 5 6 7 8 9 10 11 
5 4 3 4 5 6 7 8 9 10 
6 5 4 3 4 5 6 7 8 9 
7 6 5 4 3 4 5 6 7 8 
8 7 6 5 4 3 4 5 6 7 
9 8 7 6 5 4 3 4 5 6 
10 9 8 7 6 5 4 3 4 5 
11 10 9 8 7 6 5 4 3 4 
12 11 10 9 8 7 6 5 4 3 

326 361 376 7
300 333 343 8
205 239 250 8
9 37 50 7
224 257 269 9
74 107 121 8
12 37 51 10
102 132 147 5
240 278 288 9
193 221 235 5
369 404 415 10
130 166 176 6
77 111 126 6
264 298 310 10
14 49 59 6
61 91 101 7
103 135 148 8
442 473 483 10
243 268 283 9
437 466 477 9
31 68 81 5
454 492 505 8
147 179 189 7
245 284 297 7
364 397 409 9
157 192 203 9
395 421 432 10
93 128 141 8
30 61 76 7
335 362 372 8
339 366 376 8
357 397 409 9
88 125 140 6
184 210 220 8
458 486 500 7
274 309 322 7
24 54 65 10
127 160 172 10
33 72 87 10
471 497 508 10
46 84 98 9
330 365 380 10
426 459 469 9
264 300 315 5
64 103 115 9
286 318 332 10
439 472 487 9
250 286 298 8
162 188 202 8
65 101 115 6
445 485 495 9
466 491 503 9
329 359 371 10
121 150 165 10
142 181 196 8
404 430 445 5
432 462 473 9
75 115 127 9
58 97 109 6
169 198 212 9
287 324 337 10
200 232 245 7
100 131 142 7
39 64 76 9
214 239 254 6
274 308 323 9
122 149 160 10
228 257 267 8
293 333 343 8
89 119 132 6
50 83 97 9
204 237 251 8
141 173 184 9
123 153 164 10
53 91 104 10
49 88 100 6
366 392 405 7
340 366 377 9
330 356 371 9
371 401 414 10
358 393 405 6
219 258 273 9
335 367 380 8
242 272 285 5
222 248 259 6
355 388 399 7
357 389 404 5
447 480 490 7
248 275 285 8
338 372 386 10
425 460 472 10
383 420 431 10
16 48 61 6
414 452 466 6
398 437 452 8
451 483 493 5
164 196 209 10
47 81 93 6
195 228 243 5
405 434 449 5
379 406 416 8
320 357 370 9
429 460 474 5
59 98 109 8
209 244 256 8
150 179 192 10
170 198 212 6
275 300 310 5
446 478 488 5
276 306 321 10
340 370 382 10
469 503 514 7
206 237 249 9
237 275 285 5
159 190 204 6
404 437 448 8
379 406 421 7
127 166 178 6
495 525 536 5
129 168 178 6
297 330 342 8
488 514 526 9
134 161 173 10
251 286 296 7
297 329 341 5
378 403 414 9
178 211 221 7
212 240 251 5
333 368 381 5
449 487 498 5
312 338 350 7
492 517 529 9
381 420 433 10
383 421 431 8
169 206 220 5
241 269 284 5
158 185 198 9
371 399 411 6
466 506 518 8
327 354 365 5
256 296 310 8
125 159 170 7
443 483 495 9
343 370 383 8
92 118 133 5
327 352 364 7
175 201 212 5
191 225 236 9
449 483 497 6
421 457 469 6
317 342 356 5
449 486 499 7
15 47 57 10
96 123 138 9
493 532 543 6
91 122 134 10
84 112 126 10
237 276 291 6
23 62 72 5
473 509 519 7

6 0 20 0 0 0 0 0 0 0 55 0 0 0 0 39 9 0 29 22 0 0 7 50 28 0 0 0 0 0 59 0 0 0 40 0 0 0 0 0 0 0 0 0 0 32 0 44 0 44 0 0 0 0 0 0 56 28 0 27 0 8 0 47 51 0 14 22 0 0 0 0 0 60 0 0 0 0 0 29 
0 0 0 0 0 0 57 50 0 0 0 0 0 0 23 0 0 60 0 0 10 0 34 0 0 0 0 47 0 0 28 0 0 0 24 23 0 0 49 0 0 0 9 0 0 0 0 0 52 0 0 13 0 0 0 16 0 0 0 0 0 0 0 0 0 6 0 25 0 0 41 0 0 0 0 0 54 0 0 14 
0 31 0 0 0 54 0 30 7 0 0 0 60 0 45 0 0 0 0 0 6 54 41 27 0 0 39 12 0 55 23 0 0 0 0 39 0 27 0 45 0 35 0 0 0 19 0 0 0 0 49 0 59 0 0 0 12 0 28 0 0 23 0 59 10 0 0 54 0 0 0 0 0 0 0 0 0 0 0 0 
11 0 0 0 33 23 0 0 0 0 0 14 0 0 0 0 0 36 0 0 0 0 0 25 0 0 0 0 0 20 41 0 0 0 22 0 33 13 0 0 0 0 0 46 0 0 36 0 0 0 0 0 0 0 0 0 31 20 0 0 0 0 52 0 0 0 47 0 30 16 0 0 0 59 0 0 0 0 0 0 
0 0 0 0 43 0 58 0 0 0 0 0 0 0 0 0 0 0 49 0 48 0 0 0 8 0 43 0 53 0 0 0 0 0 53 54 0 0 49 9 57 0 0 0 0 0 0 0 0 0 0 0 47 0 0 22 6 0 26 0 0 0 0 43 0 31 0 54 21 0 0 0 0 0 0 0 31 0 25 25 
0 0 28 46 0 0 46 34 0 56 53 37 0 15 38 45 0 0 0 0 0 0 0 0 0 0 45 14 0 0 0 45 0 23 0 0 0 0 47 0 0 0 0 10 57 0 54 0 25 0 0 24 0 0 0 0 0 0 44 0 0 0 47 0 0 0 38 0 0 30 50 32 0 0 58 0 0 0 48 26 
31 0 0 35 0 0 49 0 20 0 0 0 7 0 46 0 6 0 0 0 35 38 57 23 16 0 0 0 17 0 0 0 0 0 0 0 17 0 0 0 0 0 0 0 14 0 0 48 0 31 31 0 0 45 7 10 0 0 0 0 0 0 0 0 0 60 0 0 0 0 60 0 0 0 0 0 31 12 55 0 
0 0 0 0 0 0 0 0 0 0 0 0 0 0 0 22 6 43 0 0 0 0 38 0 53 0 0 0 0 9 19 54 21 0 0 0 25 0 54 0 0 10 0 0 0 0 55 0 45 0 0 0 0 0 0 0 0 0 59 0 6 24 0 0 30 0 0 27 0 0 0 0 0 0 0 0 0 0 26 0 
0 0 0 11 59 0 0 35 52 0 0 0 0 0 0 0 0 0 0 41 0 0 0 0 0 0 0 0 20 37 0 45 0 0 0 39 0 0 0 57 0 0 0 0 13 0 0 0 0 0 0 45 0 19 17 0 0 51 0 0 36 0 0 58 0 0 0 0 32 0 0 18 0 0 21 37 49 0 0 0 
0 0 43 0 37 56 0 53 44 0 52 12 59 0 0 0 0 0 43 0 0 0 0 0 0 0 37 0 52 0 0 0 57 0 0 0 0 0 13 0 0 0 0 0 0 0 0 0 0 25 0 0 0 31 41 0 0 23 51 0 0 0 22 8 6 0 49 0 0 42 0 0 0 9 7 0 0 0 7 0 
35 0 0 0 0 10 0 0 0 0 0 48 0 0 23 0 0 0 0 0 0 0 0 19 0 44 0 0 41 0 0 0 0 0 0 0 0 0 0 58 0 0 0 0 0 0 0 0 0 54 29 12 0 0 0 25 0 28 0 0 0 22 0 47 0 40 20 0 0 0 0 0 0 58 0 27 0 0 0 0 
42 0 0 29 0 0 0 0 0 0 0 0 0 0 0 18 0 0 0 30 0 0 38 0 0 44 50 22 24 0 47 0 0 0 0 0 0 6 0 0 0 0 18 42 0 21 0 50 0 17 0 0 13 49 27 0 0 0 52 0 0 0 0 0 0 40 0 49 0 0 0 18 0 0 0 0 9 0 0 10 
0 39 0 0 0 21 0 0 0 0 0 0 0 0 41 0 30 0 0 20 21 56 0 16 0 0 0 0 0 0 55 0 0 20 19 59 6 0 0 0 0 20 0 57 0 11 38 54 28 0 0 0 0 0 46 48 43 0 0 49 0 0 0 0 0 0 0 0 0 0 27 0 13 23 0 0 0 56 0 0 
0 0 31 0 0 0 0 0 12 0 0 50 37 0 44 0 0 41 0 0 39 7 0 58 0 0 0 0 0 0 0 0 20 0 0 0 32 0 0 21 0 0 11 0 16 0 0 0 16 0 0 0 0 34 0 26 59 20 0 0 0 0 0 0 0 0 23 0 35 16 0 0 0 0 0 45 0 23 0 0 
0 0 14 0 0 0 23 0 0 0 0 8 0 0 0 0 15 13 0 0 0 0 0 0 42 0 0 0 0 0 0 0 0 20 0 8 0 0 0 0 0 30 0 0 0 34 0 0 0 0 0 39 52 0 0 54 0 0 0 59 39 0 0 0 41 0 51 0 10 58 11 18 0 0 40 10 0 58 0 0 
0 0 0 53 0 0 0 0 0 0 0 0 0 0 0 43 0 0 13 0 0 21 32 45 0 0 50 21 27 0 0 0 0 52 0 0 0 7 0 16 60 11 0 0 0 20 51 26 0 25 55 0 0 0 19 0 39 8 19 0 57 0 0 0 0 0 0 0 42 15 0 0 0 57 0 0 0 0 0 0 
29 0 0 0 0 29 14 50 0 0 0 54 0 0 0 0 0 26 0 51 0 0 0 0 0 0 0 40 35 7 0 0 0 0 0 7 0 18 0 0 0 43 0 32 0 0 0 0 0 0 0 0 0 0 59 0 0 42 0 57 0 27 41 45 0 0 0 19 0 0 0 0 17 52 25 0 25 22 20 0 
0 0 26 15 33 52 0 39 0 55 0 0 0 46 56 0 0 0 0 26 0 0 0 0 0 0 54 0 22 18 47 41 0 0 44 0 0 0 60 12 0 0 0 0 0 46 0 0 0 0 12 53 0 0 12 8 33 54 0 0 0 0 57 0 0 0 11 0 0 0 0 0 0 0 0 59 0 0 0 0 
53 0 15 0 27 54 51 6 0 0 47 0 48 0 39 0 0 0 0 0 0 0 0 0 0 21 49 0 14 0 0 0 0 21 0 0 0 0 43 22 0 32 0 0 0 0 30 0 0 0 0 0 0 0 0 0 0 0 0 0 0 0 0 39 32 24 26 0 0 0 0 55 0 27 20 0 0 0 44 47 
0 25 57 0 0 16 0 0 0 0 33 0 0 0 0 0 0 0 0 0 0 46 40 0 0 0 0 0 27 0 26 0 0 19 0 14 0 45 28 52 51 0 21 0 0 0 0 0 15 0 0 0 9 0 40 46 0 0 0 0 50 49 21 0 0 0 0 50 0 0 41 0 43 49 0 0 0 0 27 0 
33 17 0 0 0 60 42 0 0 0 0 0 50 0 0 9 0 0 45 46 59 12 53 45 0 0 0 23 0 0 0 0 0 26 41 10 0 42 0 0 0 0 0 0 0 0 0 0 32 0 0 0 0 0 0 0 0 26 0 57 0 0 0 58 27 0 39 0 14 0 46 0 0 0 22 0 0 0 0 0 
7 0 0 0 54 0 54 0 29 22 35 0 0 0 34 12 0 53 0 11 30 0 0 50 0 0 37 51 0 0 12 0 0 0 0 41 0 0 45 0 0 0 0 0 0 0 0 0 0 26 0 47 59 0 0 0 0 0 0 0 0 0 0 0 0 0 0 32 47 30 11 41 36 0 0 0 32 0 0 0 
10 0 0 42 0 14 0 0 0 53 48 0 0 15 35 0 0 0 9 0 0 7 0 0 0 0 0 34 17 0 0 0 0 0 0 0 0 0 53 0 51 26 21 17 0 0 0 0 0 0 0 59 0 0 0 0 0 0 0 0 0 0 0 56 0 0 15 0 0 48 0 47 19 0 0 28 31 0 18 0 
31 0 0 0 0 25 0 0 0 0 52 0 38 0 25 23 0 0 0 12 0 0 0 40 0 0 33 0 0 0 0 0 0 52 0 0 0 0 0 40 23 0 0 60 0 0 0 23 0 0 27 0 50 0 57 0 0 0 0 0 0 42 49 39 0 0 0 12 0 0 0 0 0 0 0 14 0 0 16 0 
0 0 50 0 0 31 0 50 21 0 0 0 0 0 0 0 0 0 0 45 0 9 0 0 0 0 0 9 0 0 0 0 0 0 0 0 0 0 33 42 0 47 0 34 0 0 27 0 7 31 0 0 0 0 0 43 0 0 0 0 0 0 0 0 17 8 0 0 0 25 0 0 0 0 0 47 54 57 0 0 
44 0 47 0 0 29 48 0 0 0 0 50 0 0 0 0 52 0 0 0 0 0 53 0 0 44 13 0 0 0 0 0 0 0 0 22 0 0 0 0 0 14 46 44 0 0 45 22 0 0 35 0 0 0 0 0 0 0 0 0 0 0 0 0 0 0 0 0 0 0 25 60 18 18 0 60 0 0 18 0 
0 0 23 41 0 0 0 45 0 0 0 50 0 53 0 0 0 0 0 0 35 46 0 0 0 0 0 0 0 0 0 0 0 0 0 59 0 6 0 0 0 16 23 23 0 0 0 51 0 0 0 0 0 0 0 20 0 0 0 0 0 0 0 0 54 0 0 0 0 39 0 28 0 12 0 0 0 0 0 0 
0 0 28 0 0 0 0 0 53 50 25 0 39 15 0 0 0 30 0 39 0 28 0 0 49 0 33 0 13 0 0 0 13 0 0 0 0 0 59 32 0 58 0 0 9 0 0 0 0 0 0 0 0 0 7 32 44 0 0 0 0 0 9 0 12 0 0 0 0 0 0 0 53 0 0 8 58 0 18 0 
0 0 0 0 0 0 25 0 0 0 29 40 0 0 0 33 9 0 0 0 0 0 0 0 0 0 6 40 43 0 0 42 0 0 0 0 0 0 27 0 0 0 27 0 16 58 0 0 0 0 0 54 0 0 0 0 0 0 34 21 0 0 0 0 0 41 0 0 0 23 0 51 0 0 0 38 0 8 0 0 
38 0 0 0 0 0 0 0 0 19 0 0 0 0 0 0 0 0 31 0 0 0 0 0 0 0 0 0 0 0 60 0 0 0 0 0 14 0 28 0 25 41 0 0 0 0 0 0 0 0 0 48 0 0 0 16 28 0 0 51 23 0 0 0 37 0 28 12 0 11 55 0 0 0 0 53 0 0 0 0 
0 0 0 0 43 0 11 0 0 0 0 0 0 35 0 0 0 0 31 18 17 0 0 0 0 0 0 0 0 0 11 0 0 0 0 9 9 0 40 0 0 0 58 0 0 0 0 0 0 6 54 0 0 17 54 0 0 0 0 0 0 0 0 0 0 0 0 0 0 0 0 0 58 0 38 0 0 30 14 35 
0 0 0 0 0 15 41 55 0 16 0 6 0 0 17 0 0 0 0 0 0 0 35 0 0 0 0 0 31 0 0 0 0 0 0 36 37 59 0 0 46 0 55 0 0 0 0 10 0 56 0 7 0 0 0 0 0 0 0 0 56 11 11 47 0 25 0 0 0 0 9 0 0 10 0 51 0 56 15 33 
0 0 0 0 0 0 23 0 0 9 16 0 0 0 14 0 0 0 16 0 0 36 0 0 0 35 0 53 28 0 0 0 0 0 0 0 0 0 14 0 28 0 0 41 0 0 0 0 11 0 0 8 0 0 46 0 41 36 0 0 0 44 0 0 24 0 56 26 26 0 7 36 0 0 0 0 43 0 12 0 
0 0 6 0 0 0 0 0 0 0 0 28 0 26 0 0 35 0 0 0 0 0 31 0 58 0 0 0 52 0 0 0 14 0 0 0 0 0 0 0 0 0 0 0 0 0 0 0 0 0 36 29 17 0 0 0 6 0 0 39 0 25 0 0 0 42 0 0 0 48 60 31 0 0 0 0 0 0 17 0 
0 0 0 9 0 0 0 0 0 0 0 0 59 40 44 32 0 50 33 0 20 0 0 0 0 0 0 0 0 55 33 0 0 0 0 0 0 45 0 0 0 0 48 56 0 0 0 43 6 0 0 0 52 0 16 0 0 0 0 39 0 0 0 0 0 0 0 30 0 0 0 0 0 0 39 25 0 0 0 0 
0 0 31 9 0 0 0 30 0 0 42 35 53 0 0 0 9 0 0 35 59 0 0 0 0 0 22 0 0 0 0 0 43 0 0 0 0 0 0 0 0 0 50 0 0 0 0 0 0 0 0 0 0 0 0 0 35 0 0 0 60 0 0 0 0 0 0 0 0 45 0 34 0 0 16 39 0 37 0 0 
0 0 0 0 0 0 0 51 57 60 21 44 0 7 0 0 0 0 21 0 57 0 0 0 0 0 0 39 0 0 41 0 54 32 45 0 26 0 0 0 0 0 0 53 45 0 43 0 27 0 0 0 45 12 51 0 23 0 0 39 0 35 0 38 0 0 55 39 40 0 0 0 0 0 0 0 0 0 0 21 
0 0 10 0 0 0 0 46 0 0 0 0 17 0 0 0 0 0 0 0 0 0 0 0 0 0 37 8 0 0 0 0 0 0 0 0 0 43 0 0 0 37 41 0 0 48 0 20 36 40 0 0 0 0 41 0 0 0 30 0 0 0 0 24 0 0 0 0 0 0 0 40 15 45 29 59 0 0 0 0 
0 11 0 0 0 33 32 0 0 0 11 0 37 0 27 0 0 0 0 0 9 0 56 0 7 0 0 0 0 0 0 0 19 0 0 0 33 6 7 0 0 52 0 0 0 39 0 0 0 58 0 7 0 0 20 0 25 0 0 33 0 0 0 0 0 0 31 0 0 0 0 0 0 0 49 56 43 0 0 22 
0 16 0 0 16 0 0 0 34 0 0 0 0 0 0 0 0 17 0 40 0 0 0 0 0 20 0 0 0 0 0 0 0 0 38 16 0 7 10 8 0 48 56 0 25 0 0 18 15 0 0 30 0 0 34 31 0 0 0 0 0 0 29 0 0 0 24 0 53 0 0 0 0 31 0 0 0 0 0 0 
0 0 0 24 0 0 0 0 0 0 11 0 0 0 0 0 31 0 0 0 0 0 0 30 19 36 0 10 0 10 0 0 59 0 0 0 13 0 0 0 0 25 46 0 36 0 0 0 40 0 0 0 0 19 48 51 0 0 0 0 0 0 0 0 8 0 0 44 0 51 0 17 0 0 0 0 0 0 0 0 
0 29 39 0 0 0 0 0 0 10 0 0 44 0 0 0 0 0 0 0 0 6 28 35 33 28 0 0 0 0 33 31 0 0 0 0 29 0 0 39 0 0 11 0 0 0 0 42 0 22 0 0 0 33 17 0 39 0 0 0 0 0 0 0 53 0 0 0 0 0 0 0 0 7 0 27 0 0 0 0 
32 0 0 25 58 29 0 0 7 0 0 14 25 0 33 0 0 0 9 31 0 23 42 0 0 0 0 0 0 0 54 0 0 0 0 0 0 0 19 0 36 0 18 0 53 31 9 0 0 0 0 0 0 8 0 0 0 58 17 0 0 0 0 0 0 0 36 0 54 0 41 8 0 0 19 0 52 53 0 0 
12 0 54 0 10 0 0 0 0 0 0 0 0 26 13 0 0 0 37 0 0 0 0 43 0 21 54 23 0 0 0 51 0 0 0 0 0 59 46 0 36 0 0 0 17 0 0 0 0 0 26 0 0 59 0 0 0 11 26 0 0 0 47 50 0 0 0 0 18 0 0 0 0 0 0 0 0 0 0 0 
0 0 35 0 0 11 0 0 23 0 8 0 0 0 44 0 0 0 14 0 48 0 0 0 0 0 13 0 0 0 0 0 0 0 0 0 0 0 0 57 0 0 0 0 12 0 0 8 0 0 52 58 0 0 0 0 0 0 0 0 0 0 0 7 40 0 0 20 0 0 0 0 0 0 0 0 0 0 0 14 
0 0 0 0 8 0 43 47 56 45 53 0 0 0 0 0 0 0 0 0 0 8 0 0 0 0 22 45 0 0 19 0 0 0 0 0 0 0 0 0 17 0 0 0 19 0 24 0 0 0 26 0 0 0 0 24 0 43 0 0 0 0 0 0 28 0 10 0 28 0 0 0 0 0 0 0 0 0 0 12 
60 0 0 0 0 10 0 48 60 0 49 37 0 29 0 0 0 0 0 0 0 0 52 25 37 16 0 0 47 0 0 0 0 0 0 0 0 0 0 0 0 0 0 0 0 0 0 0 0 24 9 40 15 54 0 39 0 0 35 18 11 0 0 0 0 0 0 0 0 0 0 0 15 0 0 7 0 0 59 0 
0 0 0 0 11 0 33 0 45 0 51 0 0 0 0 19 0 0 53 0 0 39 21 0 0 0 0 0 45 0 0 0 37 0 7 30 30 0 0 0 20 22 0 0 21 0 22 24 0 0 46 0 0 25 55 11 0 22 0 0 0 0 0 0 0 0 55 60 0 32 0 23 0 0 0 0 0 0 0 0 
0 0 0 0 16 0 0 0 0 0 39 0 0 0 21 10 0 16 0 0 0 0 0 49 36 34 0 0 40 0 0 0 42 35 0 0 0 0 14 0 58 52 0 0 31 0 40 0 0 13 0 0 0 0 27 28 0 46 0 0 0 0 0 0 0 0 20 0 0 0 0 13 0 0 0 35 0 52 48 0 
0 0 0 34 60 0 16 0 35 0 0 0 0 0 9 46 45 0 0 0 0 7 0 0 26 20 0 0 0 39 0 33 23 0 0 0 42 48 41 0 0 14 0 0 0 0 0 0 50 0 0 7 10 0 22 0 0 45 0 11 0 0 0 0 0 53 0 0 37 0 39 8 19 0 0 57 0 0 0 0 
0 0 41 27 0 55 29 0 0 25 0 0 42 0 0 12 0 0 24 0 0 0 0 0 0 0 0 0 0 0 44 0 0 0 12 0 0 46 0 0 6 0 0 0 13 0 0 57 0 0 0 0 0 0 0 0 0 30 0 15 0 0 54 0 58 0 0 22 0 0 0 0 0 0 13 0 0 0 18 30 
0 17 18 0 7 0 0 0 0 0 46 0 0 0 18 46 36 0 0 57 0 47 12 20 0 0 29 7 0 0 0 0 0 38 14 0 0 60 0 0 37 0 0 0 0 0 0 0 41 0 0 39 0 0 0 0 0 0 0 0 25 31 0 0 0 41 0 0 45 0 0 0 27 54 0 0 0 0 0 0 
0 0 0 0 0 53 0 0 0 0 50 0 0 0 0 0 51 0 0 0 0 0 0 0 0 27 51 0 51 0 0 0 0 0 0 11 51 59 0 0 0 0 0 19 0 0 0 0 0 0 0 30 59 0 0 54 0 6 0 0 0 0 0 0 0 10 0 0 0 0 19 0 0 0 0 0 0 7 0 0 
0 0 0 0 33 0 31 0 0 0 0 0 0 0 0 43 0 39 0 0 22 0 8 49 0 44 0 0 0 0 48 0 0 35 49 0 19 0 0 0 0 0 0 0 59 0 0 20 0 27 32 0 44 51 0 0 0 0 0 31 0 0 0 0 37 0 0 55 16 0 0 32 36 14 0 0 0 0 18 0 
0 0 0 0 0 37 0 0 0 0 0 0 0 0 15 0 47 0 0 50 0 0 14 0 0 0 60 0 0 0 16 32 0 0 0 29 53 0 0 0 0 53 51 0 0 43 0 16 32 0 0 0 0 0 0 0 0 0 0 22 0 12 0 0 0 0 32 0 0 0 24 0 0 0 0 0 47 13 0 0 
0 0 0 0 57 0 0 0 0 10 0 0 0 0 0 42 0 0 30 0 50 0 0 0 0 0 0 9 0 0 7 23 0 0 0 0 0 0 0 0 0 51 32 0 0 0 60 0 0 0 0 21 55 0 0 8 0 38 47 55 0 0 17 41 49 0 0 0 0 0 0 0 0 23 9 0 0 41 60 34 
0 0 0 0 30 0 6 0 0 0 0 0 0 0 13 0 0 0 16 0 0 17 0 0 0 0 19 0 49 19 53 0 0 0 0 0 0 0 0 0 33 0 0 9 42 0 0 46 15 0 31 0 9 0 0 0 0 34 0 0 0 0 0 0 42 45 0 0 0 0 0 50 34 27 0 0 6 0 0 0 
0 0 0 0 48 19 0 60 0 0 0 0 0 42 40 0 0 0 0 24 0 0 29 0 0 10 46 0 0 44 0 0 0 16 0 0 0 20 8 43 0 0 43 0 0 40 0 0 0 0 0 0 17 0 58 0 0 37 0 0 0 0 0 0 0 31 21 0 0 0 0 0 0 0 0 0 33 0 0 50 
0 20 0 0 0 0 0 45 0 0 0 20 0 0 0 11 0 0 33 0 0 40 0 0 0 0 0 16 45 0 0 0 0 0 36 0 0 0 0 49 0 0 37 0 30 0 56 0 0 20 14 0 0 0 0 0 0 0 0 0 0 11 58 0 0 0 0 0 0 0 0 50 0 0 0 0 0 0 34 0 
0 0 0 46 0 0 0 0 0 0 0 0 60 0 0 0 24 0 0 0 0 0 0 0 0 0 0 0 0 0 0 0 0 0 44 59 0 0 0 53 0 0 0 0 0 11 0 0 0 0 0 0 0 49 0 44 60 0 0 0 0 0 38 25 0 12 0 0 0 0 0 0 0 0 0 51 0 31 27 0 
0 0 9 0 16 55 0 0 0 0 56 0 0 0 0 0 0 0 0 0 0 0 0 34 11 59 0 20 60 0 38 26 51 16 0 19 0 0 0 35 0 0 54 0 55 0 0 56 0 0 0 0 23 20 0 0 0 0 46 0 0 0 9 0 0 0 43 0 0 0 32 0 0 0 0 0 0 0 0 0 
34 0 0 10 0 31 19 30 0 0 0 0 56 0 14 0 0 36 25 0 0 30 0 28 27 28 41 0 44 0 0 0 0 25 39 0 0 0 21 0 9 0 33 44 0 0 0 0 0 0 0 0 28 59 0 0 17 0 0 0 38 0 27 0 0 0 52 29 0 0 0 0 53 0 0 0 0 0 0 0 
0 41 0 0 0 0 0 50 53 0 0 0 14 43 0 0 41 0 0 0 0 0 0 0 0 17 0 0 0 60 0 0 22 0 22 32 0 16 44 0 0 0 50 47 57 0 43 0 0 0 0 0 0 0 0 0 0 0 0 44 48 0 0 40 0 0 35 0 52 6 13 0 0 57 0 16 0 0 23 0 
0 0 0 0 0 0 0 58 0 0 23 0 0 55 0 0 49 0 0 28 0 48 0 0 0 24 37 0 16 0 0 0 0 15 0 0 0 0 0 0 0 0 34 0 0 0 0 0 52 24 48 0 36 40 0 10 0 0 0 0 13 0 37 0 0 0 0 0 0 0 0 0 59 0 0 0 0 0 0 0 
0 0 25 0 56 17 0 0 0 0 0 0 0 21 0 58 0 42 46 23 53 0 0 0 21 11 0 27 0 0 0 0 0 0 15 0 0 0 0 0 0 9 0 0 0 0 0 0 0 0 0 17 0 0 0 0 8 0 39 0 0 0 0 0 29 0 0 22 0 37 35 0 24 32 42 16 0 34 0 0 
13 0 0 0 17 0 0 58 0 0 0 0 38 53 0 0 11 55 25 0 47 0 0 52 0 0 24 0 0 0 0 49 0 60 0 0 0 0 0 0 0 0 0 0 58 0 0 0 0 9 0 46 0 0 0 0 0 25 0 28 26 0 0 0 0 31 38 11 0 0 15 0 28 0 25 0 0 0 0 22 
0 60 0 8 38 0 60 12 0 0 52 60 0 0 0 46 0 0 0 45 48 45 0 18 0 0 0 0 0 0 0 0 0 21 0 0 0 0 0 45 0 0 0 20 38 0 0 48 0 0 0 0 0 0 48 0 47 0 12 53 30 0 56 30 0 0 37 0 0 14 0 34 0 0 0 0 0 0 0 0 
0 0 39 0 0 0 0 55 0 21 0 0 0 24 0 0 0 0 0 16 0 0 35 0 52 0 10 0 0 0 56 49 0 0 23 42 0 55 0 0 0 0 0 59 0 0 54 0 0 0 0 49 0 0 14 58 0 0 0 0 0 0 0 39 60 0 0 50 0 0 43 0 0 0 0 0 0 0 0 0 
0 0 0 0 0 0 47 51 0 0 0 21 42 40 0 42 0 0 0 9 0 7 0 0 50 0 0 0 51 37 47 0 29 42 0 0 0 0 41 0 0 0 0 59 0 41 0 0 0 0 0 0 28 0 0 47 48 0 0 0 0 0 0 0 0 12 0 0 0 0 19 0 0 0 0 0 6 0 51 0 
0 0 0 0 0 0 0 0 0 0 56 0 0 0 0 23 0 59 16 38 29 0 0 30 0 19 0 46 0 0 18 0 0 0 0 23 25 27 0 12 0 0 59 0 0 0 0 44 0 0 0 0 0 15 0 0 0 6 0 0 53 0 0 0 11 0 32 0 0 0 0 22 0 59 0 16 0 0 32 20 
0 0 0 0 24 0 22 0 0 0 0 19 0 0 0 27 48 0 0 0 0 25 48 0 0 0 0 0 6 58 38 28 0 0 0 0 43 0 0 60 0 0 60 0 17 0 0 0 0 0 0 0 0 0 56 0 0 0 0 55 0 0 0 0 42 0 42 0 42 44 0 0 7 18 0 0 0 0 0 0 
0 0 0 0 0 0 0 0 0 0 0 27 12 0 0 45 0 55 0 0 0 0 0 0 0 24 32 0 22 18 0 0 35 0 12 0 0 0 30 0 0 0 0 0 0 28 0 0 0 14 36 0 37 22 0 0 0 0 0 0 0 33 0 0 0 36 0 0 0 0 52 0 0 23 0 0 0 0 0 53 
0 0 43 26 24 0 0 0 0 0 39 0 0 19 0 0 0 0 0 0 28 0 0 0 32 58 0 0 0 0 0 0 38 0 34 0 0 0 0 30 32 0 0 40 0 46 0 0 16 0 0 0 0 0 0 0 53 49 0 45 0 36 24 0 12 0 0 0 0 0 51 0 0 0 45 0 0 54 0 12 
0 0 0 0 0 0 0 33 28 0 0 0 0 0 0 31 42 0 0 12 0 16 0 0 38 0 15 22 24 0 23 0 49 37 37 0 11 0 0 0 0 0 30 57 0 0 0 54 28 45 0 0 0 0 0 0 0 0 0 40 0 0 0 0 0 41 0 0 0 0 39 0 23 0 0 0 14 23 0 0 
0 34 0 0 0 0 0 36 0 0 0 0 27 15 45 0 15 0 29 0 0 39 0 0 0 0 24 0 0 0 0 0 0 18 0 0 0 0 0 0 0 0 0 29 0 0 0 0 47 51 0 36 31 16 0 53 0 0 0 0 57 11 0 0 15 0 0 0 0 0 31 0 0 0 0 0 7 0 0 24 
0 0 0 40 0 0 27 0 0 15 35 33 0 0 0 21 0 38 0 0 37 0 0 0 59 0 0 46 0 0 0 12 31 0 0 0 0 0 0 0 0 0 0 0 0 0 0 0 0 0 0 22 0 0 32 0 26 0 7 0 0 0 0 0 36 0 0 0 0 0 0 0 0 0 52 0 0 29 0 0 
35 0 0 0 8 0 0 43 41 0 0 23 0 0 59 0 0 0 0 0 0 32 0 0 0 0 0 0 0 0 0 0 0 19 0 24 0 0 0 0 0 56 0 0 0 0 0 17 0 0 0 0 0 0 0 19 0 0 0 0 0 0 0 0 0 0 47 0 0 0 0 0 0 0 0 0 0 0 45 24 
19 0 0 0 19 0 38 41 29 0 0 25 45 0 0 0 0 0 0 14 22 0 41 29 0 46 0 0 23 10 0 0 21 0 0 12 0 0 0 0 0 29 30 0 0 0 0 0 55 0 0 0 7 0 0 30 0 0 0 31 0 0 0 0 0 0 0 0 0 0 0 0 0 0 0 0 0 0 0 0 
40 39 0 0 0 0 0 0 0 0 0 0 28 0 0 0 0 0 0 42 0 0 29 0 0 0 0 20 0 0 25 0 17 0 16 7 7 0 18 0 50 6 30 0 0 0 0 0 0 0 0 27 0 0 0 0 0 0 25 0 0 44 25 0 0 0 0 0 27 0 0 13 0 0 0 53 0 0 53 33 
16 15 60 38 27 0 0 0 0 0 0 0 58 0 0 0 0 0 0 0 16 0 0 0 0 0 0 0 0 0 0 0 15 54 9 0 0 27 0 0 0 33 0 0 11 0 0 0 0 43 0 0 0 0 0 0 0 0 0 0 0 37 0 0 0 50 0 0 0 0 0 0 0 0 0 0 0 0 0 12 

18 0 23 0 0 0 0 0 0 0 20 0 0 0 0 25 15 0 17 25 0 0 24 16 21 0 0 0 0 0 15 0 0 0 18 0 0 0 0 0 0 0 0 0 0 23 0 25 0 16 0 0 0 0 0 0 20 25 0 24 0 22 0 24 24 0 17 17 0 0 0 0 0 23 0 0 0 0 0 16 
0 0 0 0 0 0 24 22 0 0 0 0 0 0 16 0 0 20 0 0 17 0 17 0 0 0 0 19 0 0 16 0 0 0 21 20 0 0 22 0 0 0 19 0 0 0 0 0 22 0 0 19 0 0 0 17 0 0 0 0 0 0 0 0 0 24 0 22 0 0 15 0 0 0 0 0 19 0 0 19 
0 21 0 0 0 16 0 20 25 0 0 0 16 0 24 0 0 0 0 0 23 15 24 23 0 0 22 22 0 23 17 0 0 0 0 15 0 16 0 24 0 17 0 0 0 17 0 0 0 0 18 0 21 0 0 0 19 0 17 0 0 21 0 22 23 0 0 24 0 0 0 0 0 0 0 0 0 0 0 0 
18 0 0 0 17 17 0 0 0 0 0 23 0 0 0 0 0 24 0 0 0 0 0 16 0 0 0 0 0 19 20 0 0 0 23 0 25 25 0 0 0 0 0 24 0 0 23 0 0 0 0 0 0 0 0 0 20 18 0 0 0 0 18 0 0 0 19 0 20 15 0 0 0 19 0 0 0 0 0 0 
0 0 0 0 18 0 22 0 0 0 0 0 0 0 0 0 0 0 15 0 20 0 0 0 25 0 25 0 19 0 0 0 0 0 25 15 0 0 15 25 21 0 0 0 0 0 0 0 0 0 0 0 20 0 0 22 19 0 16 0 0 0 0 19 0 25 0 22 17 0 0 0 0 0 0 0 24 0 24 17 
0 0 21 17 0 0 15 15 0 25 18 17 0 17 22 18 0 0 0 0 0 0 0 0 0 0 22 19 0 0 0 24 0 24 0 0 0 0 21 0 0 0 0 22 23 0 15 0 16 0 0 23 0 0 0 0 0 0 15 0 0 0 18 0 0 0 15 0 0 22 18 25 0 0 22 0 0 0 25 22 
22 0 0 20 0 0 21 0 15 0 0 0 24 0 24 0 19 0 0 0 25 15 23 16 24 0 0 0 15 0 0 0 0 0 0 0 17 0 0 0 0 0 0 0 15 0 0 17 0 16 23 0 0 23 21 23 0 0 0 0 0 0 0 0 0 15 0 0 0 0 21 0 0 0 0 0 19 25 25 0 
0 0 0 0 0 0 0 0 0 0 0 0 0 0 0 15 17 25 0 0 0 0 17 0 18 0 0 0 0 15 15 25 23 0 0 0 15 0 24 0 0 22 0 0 0 0 19 0 24 0 0 0 0 0 0 0 0 0 18 0 22 16 0 0 17 0 0 18 0 0 0 0 0 0 0 0 0 0 19 0 
0 0 0 23 17 0 0 24 22 0 0 0 0 0 0 0 0 0 0 18 0 0 0 0 0 0 0 0 21 18 0 22 0 0 0 16 0 0 0 20 0 0 0 0 21 0 0 0 0 0 0 24 0 22 23 0 0 20 0 0 24 0 0 25 0 0 0 0 16 0 0 23 0 0 19 21 17 0 0 0 
0 0 25 0 17 20 0 17 20 0 25 19 19 0 0 0 0 0 19 0 0 0 0 0 0 0 17 0 25 0 0 0 17 0 0 0 0 0 19 0 0 0 0 0 0 0 0 0 0 22 0 0 0 20 25 0 0 25 22 0 0 0 15 21 23 0 20 0 0 25 0 0 0 24 18 0 0 0 25 0 
20 0 0 0 0 17 0 0 0 0 0 21 0 0 25 0 0 0 0 0 0 0 0 15 0 24 0 0 19 0 0 0 0 0 0 0 0 0 0 22 0 0 0 0 0 0 0 0 0 24 20 17 0 0 0 22 0 24 0 0 0 21 0 23 0 22 24 0 0 0 0 0 0 16 0 25 0 0 0 0 
20 0 0 22 0 0 0 0 0 0 0 0 0 0 0 19 0 0 0 24 0 0 18 0 0 22 18 20 17 0 19 0 0 0 0 0 0 23 0 0 0 0 20 19 0 25 0 22 0 22 0 0 18 16 17 0 0 0 17 0 0 0 0 0 0 22 0 23 0 0 0 21 0 0 0 0 18 0 0 15 
0 25 0 0 0 23 0 0 0 0 0 0 0 0 17 0 18 0 0 23 22 19 0 24 0 0 0 0 0 0 23 0 0 20 17 20 20 0 0 0 0 15 0 17 0 18 19 18 19 0 0 0 0 0 19 23 17 0 0 24 0 0 0 0 0 0 0 0 0 0 25 0 25 20 0 0 0 24 0 0 
0 0 19 0 0 0 0 0 18 0 0 17 25 0 20 0 0 20 0 0 16 20 0 18 0 0 0 0 0 0 0 0 16 0 0 0 23 0 0 15 0 0 20 0 16 0 0 0 18 0 0 0 0 25 0 22 21 17 0 0 0 0 0 0 0 0 20 0 24 21 0 0 0 0 0 22 0 22 0 0 
0 0 18 0 0 0 20 0 0 0 0 24 0 0 0 0 19 23 0 0 0 0 0 0 25 0 0 0 0 0 0 0 0 18 0 18 0 0 0 0 0 23 0 0 0 15 0 0 0 0 0 19 18 0 0 16 0 0 0 23 18 0 0 0 17 0 22 0 18 19 25 20 0 0 23 18 0 21 0 0 
0 0 0 16 0 0 0 0 0 0 0 0 0 0 0 24 0 0 16 0 0 16 22 23 0 0 19 20 22 0 0 0 0 19 0 0 0 17 0 19 16 25 0 0 0 24 15 15 0 20 25 0 0 0 19 0 15 20 23 0 24 0 0 0 0 0 0 0 19 17 0 0 0 18 0 0 0 0 0 0 
22 0 0 0 0 22 17 19 0 0 0 23 0 0 0 0 0 22 0 19 0 0 0 0 0 0 0 21 20 23 0 0 0 0 0 19 0 21 0 0 0 17 0 15 0 0 0 0 0 0 0 0 0 0 24 0 0 21 0 15 0 20 24 22 0 0 0 23 0 0 0 0 19 15 24 0 19 21 24 0 
0 0 20 24 24 15 0 20 0 20 0 0 0 22 24 0 0 0 0 23 0 0 0 0 0 0 20 0 23 25 20 16 0 0 23 0 0 0 22 20 0 0 0 0 0 24 0 0 0 0 21 23 0 0 18 24 20 23 0 0 0 0 25 0 0 0 19 0 0 0 0 0 0 0 0 18 0 0 0 0 
24 0 19 0 19 16 16 24 0 0 25 0 19 0 17 0 0 0 0 0 0 0 0 0 0 18 18 0 17 0 0 0 0 25 0 0 0 0 19 15 0 15 0 0 0 0 18 0 0 0 0 0 0 0 0 0 0 0 0 0 0 0 0 19 21 19 25 0 0 0 0 17 0 21 18 0 0 0 21 19 
0 18 23 0 0 24 0 0 0 0 24 0 0 0 0 0 0 0 0 0 0 24 23 0 0 0 0 0 20 0 23 0 0 21 0 18 0 23 22 16 21 0 23 0 0 0 0 0 22 0 0 0 15 0 18 25 0 0 0 0 21 17 24 0 0 0 0 24 0 0 18 0 23 18 0 0 0 0 16 0 
19 18 0 0 0 22 25 0 0 0 0 0 25 0 0 22 0 0 18 17 21 22 25 18 0 0 0 24 0 0 0 0 0 23 17 18 0 19 0 0 0 0 0 0 0 0 0 0 24 0 0 0 0 0 0 0 0 16 0 19 0 0 0 25 16 0 17 0 24 0 16 0 0 0 21 0 0 0 0 0 
18 0 0 0 21 0 24 0 21 17 22 0 0 0 20 16 0 23 0 23 23 0 0 25 0 0 18 23 0 0 19 0 0 0 0 16 0 0 19 0 0 0 0 0 0 0 0 0 0 18 0 20 25 0 0 0 0 0 0 0 0 0 0 0 0 0 0 23 21 21 24 23 15 0 0 0 21 0 0 0 
25 0 0 18 0 22 0 0 0 21 22 0 0 23 21 0 0 0 25 0 0 23 0 0 0 0 0 24 25 0 0 0 0 0 0 0 0 0 19 0 20 16 17 18 0 0 0 0 0 0 0 22 0 0 0 0 0 0 0 0 0 0 0 22 0 0 22 0 0 25 0 15 20 0 0 24 24 0 22 0 
16 0 0 0 0 24 0 0 0 0 25 0 25 0 20 22 0 0 0 15 0 0 0 15 0 0 23 0 0 0 0 0 0 19 0 0 0 0 0 22 20 0 0 15 0 0 0 21 0 0 21 0 25 0 15 0 0 0 0 0 0 20 22 21 0 0 0 17 0 0 0 0 0 0 0 25 0 0 20 0 
0 0 15 0 0 16 0 20 18 0 0 0 0 0 0 0 0 0 0 19 0 25 0 0 0 0 0 16 0 0 0 0 0 0 0 0 0 0 15 15 0 25 0 25 0 0 25 0 21 22 0 0 0 0 0 23 0 0 0 0 0 0 0 0 21 16 0 0 0 15 0 0 0 0 0 16 16 17 0 0 
15 0 20 0 0 17 22 0 0 0 0 23 0 0 0 0 25 0 0 0 0 0 21 0 0 23 23 0 0 0 0 0 0 0 0 16 0 0 0 0 0 22 15 15 0 0 22 23 0 0 20 0 0 0 0 0 0 0 0 0 0 0 0 0 0 0 0 0 0 0 19 23 23 19 0 25 0 0 21 0 
0 0 25 25 0 0 0 17 0 0 0 25 0 15 0 0 0 0 0 0 23 24 0 0 0 0 0 0 0 0 0 0 0 0 0 24 0 17 0 0 0 24 16 25 0 0 0 21 0 0 0 0 0 0 0 20 0 0 0 0 0 0 0 0 18 0 0 0 0 15 0 20 0 15 0 0 0 0 0 0 
0 0 18 0 0 0 0 0 25 17 16 0 18 16 0 0 0 19 0 21 0 20 0 0 21 0 18 0 21 0 0 0 25 0 0 0 0 0 20 25 0 19 0 0 25 0 0 0 0 0 0 0 0 0 18 25 17 0 0 0 0 0 21 0 16 0 0 0 0 0 0 0 22 0 0 22 25 0 24 0 
0 0 0 0 0 0 19 0 0 0 22 22 0 0 0 22 20 0 0 0 0 0 0 0 0 0 16 15 21 0 0 21 0 0 0 0 0 0 19 0 0 0 15 0 22 21 0 0 0 0 0 24 0 0 0 0 0 0 17 25 0 0 0 0 0 21 0 0 0 21 0 15 0 0 0 15 0 22 0 0 
23 0 0 0 0 0 0 0 0 17 0 0 0 0 0 0 0 0 15 0 0 0 0 0 0 0 0 0 0 0 17 0 0 0 0 0 17 0 19 0 15 22 0 0 0 0 0 0 0 0 0 24 0 0 0 18 18 0 0 24 23 0 0 0 25 0 16 19 0 19 21 0 0 0 0 16 0 0 0 0 
0 0 0 0 22 0 19 0 0 0 0 0 0 24 0 0 0 0 25 24 24 0 0 0 0 0 0 0 0 0 19 0 0 0 0 18 25 0 22 0 0 0 17 0 0 0 0 0 0 21 19 0 0 15 15 0 0 0 0 0 0 0 0 0 0 0 0 0 0 0 0 0 17 0 24 0 0 15 25 23 
0 0 0 0 0 16 21 24 0 16 0 24 0 0 21 0 0 0 0 0 0 0 19 0 0 0 0 0 20 0 0 0 0 0 0 15 22 21 0 0 24 0 23 0 0 0 0 16 0 18 0 22 0 0 0 0 0 0 0 0 22 17 17 15 0 16 0 0 0 0 19 0 0 17 0 17 0 22 21 25 
0 0 0 0 0 0 18 0 0 23 16 0 0 0 15 0 0 0 24 0 0 20 0 0 0 22 0 15 25 0 0 0 0 0 0 0 0 0 18 0 17 0 0 23 0 0 0 0 16 0 0 17 0 0 20 0 15 18 0 0 0 19 0 0 18 0 23 16 21 0 25 23 0 0 0 0 17 0 17 0 
0 0 22 0 0 0 0 0 0 0 0 16 0 23 0 0 17 0 0 0 0 0 23 0 23 0 0 0 23 0 0 0 18 0 0 0 0 0 0 0 0 0 0 0 0 0 0 0 0 0 19 22 20 0 0 0 22 0 0 15 0 20 0 0 0 19 0 0 0 15 22 23 0 0 0 0 0 0 15 0 
0 0 0 23 0 0 0 0 0 0 0 0 19 17 22 21 0 17 20 0 17 0 0 0 0 0 0 0 0 24 25 0 0 0 0 0 0 15 0 0 0 0 17 23 0 0 0 22 19 0 0 0 23 0 19 0 0 0 0 24 0 0 0 0 0 0 0 23 0 0 0 0 0 0 20 16 0 0 0 0 
0 0 17 21 0 0 0 23 0 0 18 22 25 0 0 0 24 0 0 20 16 0 0 0 0 0 24 0 0 0 0 0 21 0 0 0 0 0 0 0 0 0 15 0 0 0 0 0 0 0 0 0 0 0 0 0 16 0 0 0 20 0 0 0 0 0 0 0 0 19 0 15 0 0 17 20 0 21 0 0 
0 0 0 0 0 0 0 23 20 24 23 25 0 16 0 0 0 0 23 0 21 0 0 0 0 0 0 19 0 0 22 0 19 24 18 0 24 0 0 0 0 0 0 15 17 0 18 0 16 0 0 0 23 19 17 0 22 0 0 17 0 21 0 21 0 0 20 19 25 0 0 0 0 0 0 0 0 0 0 21 
0 0 19 0 0 0 0 19 0 0 0 0 19 0 0 0 0 0 0 0 0 0 0 0 0 0 21 23 0 0 0 0 0 0 0 0 0 20 0 0 0 15 22 0 0 21 0 18 15 25 0 0 0 0 23 0 0 0 24 0 0 0 0 23 0 0 0 0 0 0 0 23 20 24 19 19 0 0 0 0 
0 19 0 0 0 25 22 0 0 0 19 0 17 0 25 0 0 0 0 0 25 0 24 0 18 0 0 0 0 0 0 0 16 0 0 0 22 22 18 0 0 16 0 0 0 25 0 0 0 17 0 24 0 0 25 0 21 0 0 19 0 0 0 0 0 0 17 0 0 0 0 0 0 0 25 21 25 0 0 25 
0 23 0 0 16 0 0 0 21 0 0 0 0 0 0 0 0 25 0 24 0 0 0 0 0 18 0 0 0 0 0 0 0 0 24 23 0 16 25 24 0 24 19 0 24 0 0 19 24 0 0 17 0 0 19 20 0 0 0 0 0 0 19 0 0 0 22 0 23 0 0 0 0 16 0 0 0 0 0 0 
0 0 0 22 0 0 0 0 0 0 25 0 0 0 0 0 20 0 0 0 0 0 0 22 21 15 0 21 0 18 0 0 25 0 0 0 24 0 0 0 0 24 18 0 18 0 0 0 20 0 0 0 0 17 15 22 0 0 0 0 0 0 0 0 23 0 0 18 0 15 0 15 0 0 0 0 0 0 0 0 
0 20 15 0 0 0 0 0 0 18 0 0 15 0 0 0 0 0 0 0 0 19 20 16 18 23 0 0 0 0 18 20 0 0 0 0 21 0 0 19 0 0 23 0 0 0 0 16 0 22 0 0 0 19 19 0 18 0 0 0 0 0 0 0 25 0 0 0 0 0 0 0 0 22 0 16 0 0 0 0 
15 0 0 17 23 23 0 0 24 0 0 21 21 0 21 0 0 0 16 15 0 24 22 0 0 0 0 0 0 0 18 0 0 0 0 0 0 0 16 0 17 0 18 0 23 19 16 0 0 0 0 0 0 20 0 0 0 24 17 0 0 0 0 0 0 0 25 0 16 0 21 22 0 0 15 0 22 22 0 0 
19 0 16 0 19 0 0 0 0 0 0 0 0 19 21 0 0 0 16 0 0 0 0 24 0 16 16 23 0 0 0 19 0 0 0 0 0 19 18 0 19 0 0 0 22 0 0 0 0 0 20 0 0 25 0 0 0 19 19 0 0 0 25 20 0 0 0 0 23 0 0 0 0 0 0 0 0 0 0 0 
0 0 19 0 0 15 0 0 16 0 19 0 0 0 23 0 0 0 15 0 20 0 0 0 0 0 22 0 0 0 0 0 0 0 0 0 0 0 0 19 0 0 0 0 24 0 0 25 0 0 19 15 0 0 0 0 0 0 0 0 0 0 0 15 25 0 0 17 0 0 0 0 0 0 0 0 0 0 0 21 
0 0 0 0 18 0 23 23 21 17 25 0 0 0 0 0 0 0 0 0 0 15 0 0 0 0 22 18 0 0 18 0 0 0 0 0 0 0 0 0 15 0 0 0 15 0 17 0 0 0 18 0 0 0 0 21 0 17 0 0 0 0 0 0 18 0 20 0 15 0 0 0 0 0 0 0 0 0 0 25 
24 0 0 0 0 15 0 24 25 0 22 23 0 23 0 0 0 0 0 0 0 0 24 23 21 23 0 0 23 0 0 0 0 0 0 0 0 0 0 0 0 0 0 0 0 0 0 0 0 18 19 15 23 18 0 23 0 0 22 20 20 0 0 0 0 0 0 0 0 0 0 0 23 0 0 18 0 0 16 0 
0 0 0 0 20 0 19 0 20 0 21 0 0 0 0 22 0 0 20 0 0 20 20 0 0 0 0 0 19 0 0 0 24 0 20 24 15 0 0 0 16 19 0 0 20 0 16 18 0 0 23 0 0 20 20 22 0 15 0 0 0 0 0 0 0 0 16 18 0 25 0 23 0 0 0 0 0 0 0 0 
0 0 0 0 16 0 0 0 0 0 23 0 0 0 21 24 0 22 0 0 0 0 0 15 16 25 0 0 24 0 0 0 22 15 0 0 0 0 24 0 25 20 0 0 16 0 16 0 0 23 0 0 0 0 20 23 0 19 0 0 0 0 0 0 0 0 25 0 0 0 0 23 0 0 0 18 0 25 16 0 
0 0 0 21 18 0 24 0 18 0 0 0 0 0 18 25 15 0 0 0 0 23 0 0 16 15 0 0 0 15 0 22 16 0 0 0 16 16 24 0 0 24 0 0 0 0 0 0 17 0 0 25 22 0 18 0 0 17 0 19 0 0 0 0 0 25 0 0 19 0 19 23 25 0 0 21 0 0 0 0 
0 0 22 18 0 16 21 0 0 23 0 0 18 0 0 17 0 0 16 0 0 0 0 0 0 0 0 0 0 0 20 0 0 0 19 0 0 20 0 0 22 0 0 0 17 0 0 17 0 0 0 0 0 0 0 0 0 15 0 15 0 0 25 0 19 0 0 24 0 0 0 0 0 0 18 0 0 0 21 18 
0 21 16 0 21 0 0 0 0 0 19 0 0 0 18 20 25 0 0 17 0 24 22 20 0 0 17 20 0 0 0 0 0 15 25 0 0 15 0 0 23 0 0 0 0 0 0 0 15 0 0 23 0 0 0 0 0 0 0 0 19 22 0 0 0 24 0 0 17 0 0 0 19 24 0 0 0 0 0 0 
0 0 0 0 0 21 0 0 0 0 25 0 0 0 0 0 24 0 0 0 0 0 0 0 0 20 15 0 23 0 0 0 0 0 0 25 17 15 0 0 0 0 0 23 0 0 0 0 0 0 0 24 21 0 0 25 0 20 0 0 0 0 0 0 0 16 0 0 0 0 17 0 0 0 0 0 0 23 0 0 
0 0 0 0 16 0 23 0 0 0 0 0 0 0 0 15 0 17 0 0 20 0 19 23 0 20 0 0 0 0 20 0 0 25 20 0 22 0 0 0 0 0 0 0 19 0 0 23 0 18 24 0 20 20 0 0 0 0 0 22 0 0 0 0 23 0 0 20 20 0 0 22 25 23 0 0 0 0 16 0 
0 0 0 0 0 15 0 0 0 0 0 0 0 0 15 0 22 0 0 24 0 0 16 0 0 0 24 0 0 0 16 19 0 0 0 20 16 0 0 0 0 21 17 0 0 20 0 15 20 0 0 0 0 0 0 0 0 0 0 17 0 25 0 0 0 0 17 0 0 0 16 0 0 0 0 0 19 25 0 0 
0 0 0 0 19 0 0 0 0 17 0 0 0 0 0 20 0 0 16 0 21 0 0 0 0 0 0 15 0 0 15 19 0 0 0 0 0 0 0 0 0 22 21 0 0 0 18 0 0 0 0 23 22 0 0 23 0 17 17 15 0 0 22 21 18 0 0 0 0 0 0 0 0 22 24 0 0 19 18 17 
0 0 0 0 15 0 18 0 0 0 0 0 0 0 21 0 0 0 25 0 0 21 0 0 0 0 21 0 23 15 22 0 0 0 0 0 0 0 0 0 16 0 0 24 15 0 0 23 25 0 23 0 24 0 0 0 0 21 0 0 0 0 0 0 17 23 0 0 0 0 0 20 16 25 0 0 22 0 0 0 
0 0 0 0 18 21 0 16 0 0 0 0 0 19 17 0 0 0 0 24 0 0 15 0 0 21 21 0 0 20 0 0 0 19 0 0 0 18 18 25 0 0 18 0 0 19 0 0 0 0 0 0 15 0 21 0 0 15 0 0 0 0 0 0 0 18 18 0 0 0 0 0 0 0 0 0 15 0 0 23 
0 21 0 0 0 0 0 22 0 0 0 20 0 0 0 24 0 0 18 0 0 15 0 0 0 0 0 21 23 0 0 0 0 0 23 0 0 0 0 19 0 0 21 0 15 0 22 0 0 21 15 0 0 0 0 0 0 0 0 0 0 25 19 0 0 0 0 0 0 0 0 18 0 0 0 0 0 0 24 0 
0 0 0 25 0 0 0 0 0 0 0 0 17 0 0 0 15 0 0 0 0 0 0 0 0 0 0 0 0 0 0 0 0 0 19 21 0 0 0 20 0 0 0 0 0 20 0 0 0 0 0 0 0 18 0 15 18 0 0 0 0 0 21 17 0 23 0 0 0 0 0 0 0 0 0 18 0 17 25 0 
0 0 25 0 16 18 0 0 0 0 22 0 0 0 0 0 0 0 0 0 0 0 0 25 18 21 0 16 22 0 18 24 22 21 0 22 0 0 0 15 0 0 20 0 23 0 0 17 0 0 0 0 23 19 0 0 0 0 24 0 0 0 23 0 0 0 17 0 0 0 16 0 0 0 0 0 0 0 0 0 
21 0 0 15 0 23 20 19 0 0 0 0 17 0 18 0 0 16 19 0 0 20 0 22 18 16 23 0 22 0 0 0 0 25 21 0 0 0 21 0 16 0 22 18 0 0 0 0 0 0 0 0 24 23 0 0 21 0 0 0 16 0 18 0 0 0 15 17 0 0 0 0 22 0 0 0 0 0 0 0 
0 24 0 0 0 0 0 20 21 0 0 0 24 21 0 0 23 0 0 0 0 0 0 0 0 15 0 0 0 18 0 0 15 0 25 24 0 18 24 0 0 0 23 24 16 0 18 0 0 0 0 0 0 0 0 0 0 0 0 19 16 0 0 16 0 0 24 0 15 20 17 0 0 21 0 15 0 0 22 0 
0 0 0 0 0 0 0 25 0 0 16 0 0 16 0 0 22 0 0 15 0 17 0 0 0 20 16 0 17 0 0 0 0 17 0 0 0 0 0 0 0 0 16 0 0 0 0 0 15 21 20 0 25 17 0 18 0 0 0 0 18 0 25 0 0 0 0 0 0 0 0 0 16 0 0 0 0 0 0 0 
0 0 22 0 17 25 0 0 0 0 0 0 0 25 0 19 0 20 22 16 24 0 0 0 15 24 0 21 0 0 0 0 0 0 20 0 0 0 0 0 0 21 0 0 0 0 0 0 0 0 0 21 0 0 0 0 17 0 17 0 0 0 0 0 23 0 0 23 0 24 24 0 24 21 20 20 0 21 0 0 
15 0 0 0 21 0 0 19 0 0 0 0 20 25 0 0 16 21 24 0 24 0 0 18 0 0 24 0 0 0 0 23 0 15 0 0 0 0 0 0 0 0 0 0 24 0 0 0 0 22 0 15 0 0 0 0 0 21 0 17 16 0 0 0 0 25 19 17 0 0 15 0 21 0 23 0 0 0 0 18 
0 23 0 18 18 0 17 24 0 0 18 25 0 0 0 16 0 0 0 21 17 21 0 18 0 0 0 0 0 0 0 0 0 20 0 0 0 0 0 20 0 0 0 15 18 0 0 23 0 0 0 0 0 0 15 0 20 0 25 23 15 0 24 22 0 0 19 0 0 25 0 24 0 0 0 0 0 0 0 0 
0 0 16 0 0 0 0 20 0 17 0 0 0 24 0 0 0 0 0 15 0 0 22 0 23 0 25 0 0 0 24 22 0 0 19 17 0 19 0 0 0 0 0 17 0 0 15 0 0 0 0 21 0 0 19 19 0 0 0 0 0 0 0 17 19 0 0 15 0 0 15 0 0 0 0 0 0 0 0 0 
0 0 0 0 0 0 18 21 0 0 0 15 15 24 0 21 0 0 0 24 0 21 0 0 19 0 0 0 25 19 20 0 19 19 0 0 0 0 24 0 0 0 0 16 0 21 0 0 0 0 0 0 19 0 0 18 25 0 0 0 0 0 0 0 0 25 0 0 0 0 25 0 0 0 0 0 22 0 17 0 
0 0 0 0 0 0 0 0 0 0 18 0 0 0 0 16 0 18 19 20 15 0 0 15 0 16 0 25 0 0 16 0 0 0 0 24 19 22 0 19 0 0 16 0 0 0 0 16 0 0 0 0 0 24 0 0 0 22 0 0 19 0 0 0 15 0 19 0 0 0 0 17 0 23 0 17 0 0 24 17 
0 0 0 0 22 0 20 0 0 0 0 19 0 0 0 15 17 0 0 0 0 20 20 0 0 0 0 0 21 20 22 18 0 0 0 0 20 0 0 17 0 0 20 0 15 0 0 0 0 0 0 0 0 0 15 0 0 0 0 19 0 0 0 0 16 0 25 0 20 15 0 0 23 17 0 0 0 0 0 0 
0 0 0 0 0 0 0 0 0 0 0 17 19 0 0 19 0 22 0 0 0 0 0 0 0 16 16 0 21 17 0 0 15 0 16 0 0 0 21 0 0 0 0 0 0 25 0 0 0 18 17 0 25 23 0 0 0 0 0 0 0 21 0 0 0 20 0 0 0 0 20 0 0 23 0 0 0 0 0 24 
0 0 18 21 20 0 0 0 0 0 18 0 0 25 0 0 0 0 0 0 22 0 0 0 23 20 0 0 0 0 0 0 16 0 17 0 0 0 0 15 19 0 0 21 0 24 0 0 23 0 0 0 0 0 0 0 22 24 0 24 0 22 23 0 15 0 0 0 0 0 23 0 0 0 21 0 0 15 0 25 
0 0 0 0 0 0 0 23 19 0 0 0 0 0 0 24 16 0 0 20 0 20 0 0 21 0 23 21 17 0 24 0 17 16 16 0 17 0 0 0 0 0 25 15 0 0 0 15 25 17 0 0 0 0 0 0 0 0 0 19 0 0 0 0 0 24 0 0 0 0 17 0 25 0 0 0 25 21 0 0 
0 16 0 0 0 0 0 22 0 0 0 0 20 18 25 0 18 0 25 0 0 22 0 0 0 0 15 0 0 0 0 0 0 19 0 0 0 0 0 0 0 0 0 20 0 0 0 0 22 25 0 21 18 23 0 18 0 0 0 0 16 16 0 0 23 0 0 0 0 0 16 0 0 0 0 0 16 0 0 21 
0 0 0 22 0 0 24 0 0 19 24 22 0 0 0 17 0 24 0 0 15 0 0 0 21 0 0 20 0 0 0 18 23 0 0 0 0 0 0 0 0 0 0 0 0 0 0 0 0 0 0 16 0 0 17 0 17 0 22 0 0 0 0 0 21 0 0 0 0 0 0 0 0 0 23 0 0 22 0 0 
18 0 0 0 20 0 0 18 18 0 0 21 0 0 22 0 0 0 0 0 0 21 0 0 0 0 0 0 0 0 0 0 0 15 0 15 0 0 0 0 0 21 0 0 0 0 0 25 0 0 0 0 0 0 0 19 0 0 0 0 0 0 0 0 0 0 19 0 0 0 0 0 0 0 0 0 0 0 17 18 
19 0 0 0 21 0 20 21 24 0 0 21 19 0 0 0 0 0 0 23 19 0 24 19 0 20 0 0 16 18 0 0 22 0 0 25 0 0 0 0 0 18 17 0 0 0 0 0 18 0 0 0 17 0 0 24 0 0 0 20 0 0 0 0 0 0 0 0 0 0 0 0 0 0 0 0 0 0 0 0 
24 24 0 0 0 0 0 0 0 0 0 0 22 0 0 0 0 0 0 15 0 0 19 0 0 0 0 19 0 0 20 0 25 0 21 17 15 0 17 0 24 19 22 0 0 0 0 0 0 0 0 19 0 0 0 0 0 0 23 0 0 18 21 0 0 0 0 0 23 0 0 15 0 0 0 17 0 0 19 24 
19 24 22 19 24 0 0 0 0 0 0 0 25 0 0 0 0 0 0 0 15 0 0 0 0 0 0 0 0 0 0 0 22 20 19 0 0 15 0 0 0 23 0 0 24 0 0 0 0 18 0 0 0 0 0 0 0 0 0 0 0 16 0 0 0 17 0 0 0 0 0 0 0 0 0 0 0 0 0 20 
