15 15 3 3
20
3 4 5 
4 3 4 
5 4 3 

146 181 196 7
240 273 283 8
25 59 70 8
69 97 110 7
164 197 209 9
14 47 61 8
192 217 231 10
42 72 87 5
60 98 108 9
133 161 175 5
249 284 295 10
250 286 296 6
17 51 66 6
144 178 190 10
14 49 59 6
255 290 300 7
67 106 119 8
75 107 117 10
108 138 153 9
243 269 280 9
232 265 278 5
245 277 290 8
48 81 91 7
250 277 290 7
194 228 240 9
220 255 266 9
123 160 171 10
84 116 129 8
243 281 296 7
307 346 356 8

6 20 55 39 9 29 22 7 50 28 59 40 32 44 44 
56 28 27 8 47 51 14 22 60 29 57 50 23 60 10 
34 47 28 24 23 49 9 52 13 16 6 25 41 54 14 
31 54 30 7 60 45 6 54 41 27 39 12 55 23 39 
27 45 35 19 49 59 12 28 23 59 10 54 11 33 23 
14 36 25 20 41 22 33 13 46 36 31 20 52 47 30 
16 59 43 58 49 48 8 43 53 53 54 49 9 57 47 
22 6 26 43 31 54 21 31 25 25 28 46 46 34 56 
53 37 15 38 45 45 14 45 23 47 10 57 54 25 24 
44 47 38 30 50 32 58 48 26 31 35 49 20 7 46 
6 35 38 57 23 16 17 17 14 48 31 31 45 7 10 
60 60 31 12 55 22 6 43 38 53 9 19 54 21 25 
54 10 55 45 59 6 24 30 27 26 11 59 35 52 41 
20 37 45 39 57 13 45 19 17 51 36 58 32 18 21 
37 49 43 37 56 53 44 52 12 59 43 37 52 57 13 

18 23 20 25 15 17 25 24 16 21 15 18 23 25 16 
20 25 24 22 24 24 17 17 23 16 24 22 16 20 17 
17 19 16 21 20 22 19 22 19 17 24 22 15 19 19 
21 16 20 25 16 24 23 15 24 23 22 22 23 17 15 
16 24 17 17 18 21 19 17 21 22 23 24 18 17 17 
23 24 16 19 20 23 25 25 24 23 20 18 18 19 20 
15 19 18 22 15 20 25 25 19 25 15 15 25 21 20 
22 19 16 19 25 22 17 24 24 17 21 17 15 15 25 
18 17 17 22 18 22 19 24 24 21 22 23 15 16 23 
15 18 15 22 18 25 22 25 22 22 20 21 15 24 24 
19 25 15 23 16 24 15 17 15 17 16 23 23 21 23 
15 21 19 25 25 15 17 25 17 18 15 15 25 23 15 
24 22 19 24 18 22 16 17 18 19 23 17 24 22 18 
21 18 22 16 20 21 24 22 23 20 24 25 16 23 19 
21 17 25 17 20 17 20 25 19 19 19 17 25 17 19 
