20 20 4 4
20
3 4 5 6 
4 3 4 5 
5 4 3 4 
6 5 4 3 

146 181 196 7
240 273 283 8
25 59 70 8
69 97 110 7
164 197 209 9
14 47 61 8
192 217 231 10
42 72 87 5
60 98 108 9
133 161 175 5
249 284 295 10
250 286 296 6
17 51 66 6
144 178 190 10
14 49 59 6
241 271 281 7
103 135 148 8
22 53 63 10
243 268 283 9
17 46 57 9
255 290 303 5
67 106 119 8
75 107 117 7
108 138 151 7
243 269 281 9
232 265 276 9
245 277 288 10
48 81 94 8
250 277 292 7
194 228 238 8
220 255 265 8
123 160 172 9
84 116 131 6
243 281 291 8
307 346 360 7
205 237 250 7
284 316 327 10
130 164 176 10
285 318 333 10
44 73 84 10

6 0 20 0 0 0 0 0 0 0 55 0 0 0 0 39 9 0 29 22 
0 0 7 50 28 0 0 0 0 0 59 0 0 0 40 0 0 0 0 0 
0 0 0 0 0 32 0 44 0 44 0 0 0 0 0 0 56 28 0 27 
0 8 0 47 51 0 14 22 0 0 0 0 0 60 0 0 0 0 0 29 
0 0 0 0 0 0 57 50 0 0 0 0 0 0 23 0 0 60 0 0 
10 0 34 0 0 0 0 47 0 0 28 0 0 0 24 23 0 0 49 0 
0 0 9 0 0 0 0 0 52 0 0 13 0 0 0 16 0 0 0 0 
0 0 0 0 0 6 0 25 0 0 41 0 0 0 0 0 54 0 0 14 
0 31 0 0 0 54 0 30 7 0 0 0 60 0 45 0 0 0 0 0 
6 54 41 27 0 0 39 12 0 55 23 0 0 0 0 39 0 27 0 45 
0 35 0 0 0 19 0 0 0 0 49 0 59 0 0 0 12 0 28 0 
0 23 0 59 10 0 0 54 0 0 0 0 0 0 0 0 0 0 0 0 
11 0 0 0 33 23 0 0 0 0 0 14 0 0 0 0 0 36 0 0 
0 0 0 25 0 0 0 0 0 20 41 0 0 0 22 0 33 13 0 0 
0 0 0 46 0 0 36 0 0 0 0 0 0 0 0 0 31 20 0 0 
0 0 52 0 0 0 47 0 30 16 0 0 0 59 0 0 0 0 0 0 
0 0 0 0 43 0 58 0 0 0 0 0 0 0 0 0 0 0 49 0 
48 0 0 0 8 0 43 0 53 0 0 0 0 0 53 54 0 0 49 9 
57 0 0 0 0 0 0 0 0 0 0 0 47 0 0 22 6 0 26 0 
0 0 0 43 0 31 0 54 21 0 0 0 0 0 0 0 31 0 25 25 

18 0 23 0 0 0 0 0 0 0 20 0 0 0 0 25 15 0 17 25 
0 0 24 16 21 0 0 0 0 0 15 0 0 0 18 0 0 0 0 0 
0 0 0 0 0 23 0 25 0 16 0 0 0 0 0 0 20 25 0 24 
0 22 0 24 24 0 17 17 0 0 0 0 0 23 0 0 0 0 0 16 
0 0 0 0 0 0 24 22 0 0 0 0 0 0 16 0 0 20 0 0 
17 0 17 0 0 0 0 19 0 0 16 0 0 0 21 20 0 0 22 0 
0 0 19 0 0 0 0 0 22 0 0 19 0 0 0 17 0 0 0 0 
0 0 0 0 0 24 0 22 0 0 15 0 0 0 0 0 19 0 0 19 
0 21 0 0 0 16 0 20 25 0 0 0 16 0 24 0 0 0 0 0 
23 15 24 23 0 0 22 22 0 23 17 0 0 0 0 15 0 16 0 24 
0 17 0 0 0 17 0 0 0 0 18 0 21 0 0 0 19 0 17 0 
0 21 0 22 23 0 0 24 0 0 0 0 0 0 0 0 0 0 0 0 
18 0 0 0 17 17 0 0 0 0 0 23 0 0 0 0 0 24 0 0 
0 0 0 16 0 0 0 0 0 19 20 0 0 0 23 0 25 25 0 0 
0 0 0 24 0 0 23 0 0 0 0 0 0 0 0 0 20 18 0 0 
0 0 18 0 0 0 19 0 20 15 0 0 0 19 0 0 0 0 0 0 
0 0 0 0 18 0 22 0 0 0 0 0 0 0 0 0 0 0 15 0 
20 0 0 0 25 0 25 0 19 0 0 0 0 0 25 15 0 0 15 25 
21 0 0 0 0 0 0 0 0 0 0 0 20 0 0 22 19 0 16 0 
0 0 0 19 0 25 0 22 17 0 0 0 0 0 0 0 24 0 24 17 
