20 20 3 3
20
3 4 5 
4 3 4 
5 4 3 

246 281 296 7
140 173 183 8
125 159 170 8
169 197 210 7
64 97 109 9
314 347 361 8
92 117 131 10
342 372 387 5
160 198 208 9
33 61 75 5
49 84 95 10
50 86 96 6
317 351 366 6
344 378 390 10
14 49 59 6
141 171 181 7
103 135 148 8
122 153 163 10
243 268 283 9
117 146 157 9
78 113 126 5
355 394 407 8
230 262 272 7
159 189 202 7
336 362 374 9
392 425 436 9
75 107 118 10
357 390 403 8
367 394 409 7
376 410 420 8
368 403 413 8
328 365 377 9
96 128 143 6
343 381 391 8
191 230 244 7
131 163 176 7
361 393 404 10
157 191 203 10
150 183 198 10
48 77 88 10

6 0 20 0 0 0 0 0 0 0 55 0 0 0 0 39 9 0 29 22 
0 0 7 50 28 0 0 0 0 0 59 0 0 0 40 0 0 0 0 0 
0 0 0 0 0 32 0 44 0 44 0 0 0 0 0 0 56 28 0 27 
0 8 0 47 51 0 14 22 0 0 0 0 0 60 0 0 0 0 0 29 
0 0 0 0 0 0 57 50 0 0 0 0 0 0 23 0 0 60 0 0 
10 0 34 0 0 0 0 47 0 0 28 0 0 0 24 23 0 0 49 0 
0 0 9 0 0 0 0 0 52 0 0 13 0 0 0 16 0 0 0 0 
0 0 0 0 0 6 0 25 0 0 41 0 0 0 0 0 54 0 0 14 
0 31 0 0 0 54 0 30 7 0 0 0 60 0 45 0 0 0 0 0 
6 54 41 27 0 0 39 12 0 55 23 0 0 0 0 39 0 27 0 45 
0 35 0 0 0 19 0 0 0 0 49 0 59 0 0 0 12 0 28 0 
0 23 0 59 10 0 0 54 0 0 0 0 0 0 0 0 0 0 0 0 
11 0 0 0 33 23 0 0 0 0 0 14 0 0 0 0 0 36 0 0 
0 0 0 25 0 0 0 0 0 20 41 0 0 0 22 0 33 13 0 0 
0 0 0 46 0 0 36 0 0 0 0 0 0 0 0 0 31 20 0 0 
0 0 52 0 0 0 47 0 30 16 0 0 0 59 0 0 0 0 0 0 
0 0 0 0 43 0 58 0 0 0 0 0 0 0 0 0 0 0 49 0 
48 0 0 0 8 0 43 0 53 0 0 0 0 0 53 54 0 0 49 9 
57 0 0 0 0 0 0 0 0 0 0 0 47 0 0 22 6 0 26 0 
0 0 0 43 0 31 0 54 21 0 0 0 0 0 0 0 31 0 25 25 

18 0 23 0 0 0 0 0 0 0 20 0 0 0 0 25 15 0 17 25 
0 0 24 16 21 0 0 0 0 0 15 0 0 0 18 0 0 0 0 0 
0 0 0 0 0 23 0 25 0 16 0 0 0 0 0 0 20 25 0 24 
0 22 0 24 24 0 17 17 0 0 0 0 0 23 0 0 0 0 0 16 
0 0 0 0 0 0 24 22 0 0 0 0 0 0 16 0 0 20 0 0 
17 0 17 0 0 0 0 19 0 0 16 0 0 0 21 20 0 0 22 0 
0 0 19 0 0 0 0 0 22 0 0 19 0 0 0 17 0 0 0 0 
0 0 0 0 0 24 0 22 0 0 15 0 0 0 0 0 19 0 0 19 
0 21 0 0 0 16 0 20 25 0 0 0 16 0 24 0 0 0 0 0 
23 15 24 23 0 0 22 22 0 23 17 0 0 0 0 15 0 16 0 24 
0 17 0 0 0 17 0 0 0 0 18 0 21 0 0 0 19 0 17 0 
0 21 0 22 23 0 0 24 0 0 0 0 0 0 0 0 0 0 0 0 
18 0 0 0 17 17 0 0 0 0 0 23 0 0 0 0 0 24 0 0 
0 0 0 16 0 0 0 0 0 19 20 0 0 0 23 0 25 25 0 0 
0 0 0 24 0 0 23 0 0 0 0 0 0 0 0 0 20 18 0 0 
0 0 18 0 0 0 19 0 20 15 0 0 0 19 0 0 0 0 0 0 
0 0 0 0 18 0 22 0 0 0 0 0 0 0 0 0 0 0 15 0 
20 0 0 0 25 0 25 0 19 0 0 0 0 0 25 15 0 0 15 25 
21 0 0 0 0 0 0 0 0 0 0 0 20 0 0 22 19 0 16 0 
0 0 0 19 0 25 0 22 17 0 0 0 0 0 0 0 24 0 24 17 
