60 60 10 10
20
3 4 5 6 7 8 9 10 11 12 
4 3 4 5 6 7 8 9 10 11 
5 4 3 4 5 6 7 8 9 10 
6 5 4 3 4 5 6 7 8 9 
7 6 5 4 3 4 5 6 7 8 
8 7 6 5 4 3 4 5 6 7 
9 8 7 6 5 4 3 4 5 6 
10 9 8 7 6 5 4 3 4 5 
11 10 9 8 7 6 5 4 3 4 
12 11 10 9 8 7 6 5 4 3 

86 121 136 7
60 93 103 8
325 359 370 8
249 277 290 7
224 257 269 9
74 107 121 8
12 37 51 10
222 252 267 5
360 398 408 9
73 101 115 5
129 164 175 10
130 166 176 6
317 351 366 6
144 178 190 10
14 49 59 6
181 211 221 7
103 135 148 8
322 353 363 10
3 28 43 9
197 226 237 9
151 188 201 5
214 252 265 8
27 59 69 7
125 164 177 7
124 157 169 9
37 72 83 9
35 61 72 10
333 368 381 8
270 301 316 7
95 122 132 8
339 366 376 8
237 277 289 9
88 125 140 6
304 330 340 8
98 126 140 7
34 69 82 7
144 174 185 10
7 40 52 10
273 312 327 10
111 137 148 10
286 324 338 9
330 365 380 10
186 219 229 9
24 60 75 5
64 103 115 9
286 318 332 10
199 232 247 9
250 286 298 8
282 308 322 8
185 221 235 6
85 125 135 9
346 371 383 9
329 359 371 10
241 270 285 10
262 301 316 8
44 70 85 5
312 342 353 9
315 355 367 9
58 97 109 6
49 78 92 9
331 366 379 10
224 263 276 7
61 93 104 7
190 220 232 9
130 156 171 6
249 282 297 9
286 318 329 10
309 342 352 8
285 312 322 8
171 205 218 6
335 370 384 9
178 215 229 8
24 56 67 9
150 188 199 10
216 255 268 10
217 249 261 6
178 210 223 7
323 357 368 9
86 119 134 9
91 120 133 10
308 335 347 6
364 401 416 9
285 316 329 8
242 281 294 5
233 268 279 6
296 325 336 7
263 291 306 5
362 387 397 7
317 349 359 8
283 313 327 10
91 121 133 10
122 156 167 10
222 253 266 6
321 359 373 6
180 211 226 8
325 358 368 5
200 227 240 10
287 326 338 6
133 163 178 5
175 214 229 5
40 73 83 8
46 72 85 9
273 300 314 5
87 122 133 8
237 269 281 8
136 161 174 10
218 251 265 6
95 123 133 5
60 95 105 5
72 110 125 10
150 176 188 10
124 149 160 7
339 378 390 9
138 176 186 5
136 173 187 6
36 64 75 8
252 279 294 7
182 210 222 6
362 402 413 5
319 346 356 6

6 0 20 0 0 0 0 0 0 0 55 0 0 0 0 39 9 0 29 22 0 0 7 50 28 0 0 0 0 0 59 0 0 0 40 0 0 0 0 0 0 0 0 0 0 32 0 44 0 44 0 0 0 0 0 0 56 28 0 27 
0 8 0 47 51 0 14 22 0 0 0 0 0 60 0 0 0 0 0 29 0 0 0 0 0 0 57 50 0 0 0 0 0 0 23 0 0 60 0 0 10 0 34 0 0 0 0 47 0 0 28 0 0 0 24 23 0 0 49 0 
0 0 9 0 0 0 0 0 52 0 0 13 0 0 0 16 0 0 0 0 0 0 0 0 0 6 0 25 0 0 41 0 0 0 0 0 54 0 0 14 0 31 0 0 0 54 0 30 7 0 0 0 60 0 45 0 0 0 0 0 
6 54 41 27 0 0 39 12 0 55 23 0 0 0 0 39 0 27 0 45 0 35 0 0 0 19 0 0 0 0 49 0 59 0 0 0 12 0 28 0 0 23 0 59 10 0 0 54 0 0 0 0 0 0 0 0 0 0 0 0 
11 0 0 0 33 23 0 0 0 0 0 14 0 0 0 0 0 36 0 0 0 0 0 25 0 0 0 0 0 20 41 0 0 0 22 0 33 13 0 0 0 0 0 46 0 0 36 0 0 0 0 0 0 0 0 0 31 20 0 0 
0 0 52 0 0 0 47 0 30 16 0 0 0 59 0 0 0 0 0 0 0 0 0 0 43 0 58 0 0 0 0 0 0 0 0 0 0 0 49 0 48 0 0 0 8 0 43 0 53 0 0 0 0 0 53 54 0 0 49 9 
57 0 0 0 0 0 0 0 0 0 0 0 47 0 0 22 6 0 26 0 0 0 0 43 0 31 0 54 21 0 0 0 0 0 0 0 31 0 25 25 0 0 28 46 0 0 46 34 0 56 53 37 0 15 38 45 0 0 0 0 
0 0 0 0 0 0 45 14 0 0 0 45 0 23 0 0 0 0 47 0 0 0 0 10 57 0 54 0 25 0 0 24 0 0 0 0 0 0 44 0 0 0 47 0 0 0 38 0 0 30 50 32 0 0 58 0 0 0 48 26 
31 0 0 35 0 0 49 0 20 0 0 0 7 0 46 0 6 0 0 0 35 38 57 23 16 0 0 0 17 0 0 0 0 0 0 0 17 0 0 0 0 0 0 0 14 0 0 48 0 31 31 0 0 45 7 10 0 0 0 0 
0 0 0 0 0 60 0 0 0 0 60 0 0 0 0 0 31 12 55 0 0 0 0 0 0 0 0 0 0 0 0 0 0 0 0 22 6 43 0 0 0 0 38 0 53 0 0 0 0 9 19 54 21 0 0 0 25 0 54 0 
0 10 0 0 0 0 55 0 45 0 0 0 0 0 0 0 0 0 59 0 6 24 0 0 30 0 0 27 0 0 0 0 0 0 0 0 0 0 26 0 0 0 0 11 59 0 0 35 52 0 0 0 0 0 0 0 0 0 0 41 
0 0 0 0 0 0 0 0 20 37 0 45 0 0 0 39 0 0 0 57 0 0 0 0 13 0 0 0 0 0 0 45 0 19 17 0 0 51 0 0 36 0 0 58 0 0 0 0 32 0 0 18 0 0 21 37 49 0 0 0 
0 0 43 0 37 56 0 53 44 0 52 12 59 0 0 0 0 0 43 0 0 0 0 0 0 0 37 0 52 0 0 0 57 0 0 0 0 0 13 0 0 0 0 0 0 0 0 0 0 25 0 0 0 31 41 0 0 23 51 0 
0 0 22 8 6 0 49 0 0 42 0 0 0 9 7 0 0 0 7 0 35 0 0 0 0 10 0 0 0 0 0 48 0 0 23 0 0 0 0 0 0 0 0 19 0 44 0 0 41 0 0 0 0 0 0 0 0 0 0 58 
0 0 0 0 0 0 0 0 0 54 29 12 0 0 0 25 0 28 0 0 0 22 0 47 0 40 20 0 0 0 0 0 0 58 0 27 0 0 0 0 42 0 0 29 0 0 0 0 0 0 0 0 0 0 0 18 0 0 0 30 
0 0 38 0 0 44 50 22 24 0 47 0 0 0 0 0 0 6 0 0 0 0 18 42 0 21 0 50 0 17 0 0 13 49 27 0 0 0 52 0 0 0 0 0 0 40 0 49 0 0 0 18 0 0 0 0 9 0 0 10 
0 39 0 0 0 21 0 0 0 0 0 0 0 0 41 0 30 0 0 20 21 56 0 16 0 0 0 0 0 0 55 0 0 20 19 59 6 0 0 0 0 20 0 57 0 11 38 54 28 0 0 0 0 0 46 48 43 0 0 49 
0 0 0 0 0 0 0 0 0 0 27 0 13 23 0 0 0 56 0 0 0 0 31 0 0 0 0 0 12 0 0 50 37 0 44 0 0 41 0 0 39 7 0 58 0 0 0 0 0 0 0 0 20 0 0 0 32 0 0 21 
0 0 11 0 16 0 0 0 16 0 0 0 0 34 0 26 59 20 0 0 0 0 0 0 0 0 23 0 35 16 0 0 0 0 0 45 0 23 0 0 0 0 14 0 0 0 23 0 0 0 0 8 0 0 0 0 15 13 0 0 
0 0 0 0 42 0 0 0 0 0 0 0 0 20 0 8 0 0 0 0 0 30 0 0 0 34 0 0 0 0 0 39 52 0 0 54 0 0 0 59 39 0 0 0 41 0 51 0 10 58 11 18 0 0 40 10 0 58 0 0 
0 0 0 53 0 0 0 0 0 0 0 0 0 0 0 43 0 0 13 0 0 21 32 45 0 0 50 21 27 0 0 0 0 52 0 0 0 7 0 16 60 11 0 0 0 20 51 26 0 25 55 0 0 0 19 0 39 8 19 0 
57 0 0 0 0 0 0 0 42 15 0 0 0 57 0 0 0 0 0 0 29 0 0 0 0 29 14 50 0 0 0 54 0 0 0 0 0 26 0 51 0 0 0 0 0 0 0 40 35 7 0 0 0 0 0 7 0 18 0 0 
0 43 0 32 0 0 0 0 0 0 0 0 0 0 59 0 0 42 0 57 0 27 41 45 0 0 0 19 0 0 0 0 17 52 25 0 25 22 20 0 0 0 26 15 33 52 0 39 0 55 0 0 0 46 56 0 0 0 0 26 
0 0 0 0 0 0 54 0 22 18 47 41 0 0 44 0 0 0 60 12 0 0 0 0 0 46 0 0 0 0 12 53 0 0 12 8 33 54 0 0 0 0 57 0 0 0 11 0 0 0 0 0 0 0 0 59 0 0 0 0 
53 0 15 0 27 54 51 6 0 0 47 0 48 0 39 0 0 0 0 0 0 0 0 0 0 21 49 0 14 0 0 0 0 21 0 0 0 0 43 22 0 32 0 0 0 0 30 0 0 0 0 0 0 0 0 0 0 0 0 0 
0 0 0 39 32 24 26 0 0 0 0 55 0 27 20 0 0 0 44 47 0 25 57 0 0 16 0 0 0 0 33 0 0 0 0 0 0 0 0 0 0 46 40 0 0 0 0 0 27 0 26 0 0 19 0 14 0 45 28 52 
51 0 21 0 0 0 0 0 15 0 0 0 9 0 40 46 0 0 0 0 50 49 21 0 0 0 0 50 0 0 41 0 43 49 0 0 0 0 27 0 33 17 0 0 0 60 42 0 0 0 0 0 50 0 0 9 0 0 45 46 
59 12 53 45 0 0 0 23 0 0 0 0 0 26 41 10 0 42 0 0 0 0 0 0 0 0 0 0 32 0 0 0 0 0 0 0 0 26 0 57 0 0 0 58 27 0 39 0 14 0 46 0 0 0 22 0 0 0 0 0 
7 0 0 0 54 0 54 0 29 22 35 0 0 0 34 12 0 53 0 11 30 0 0 50 0 0 37 51 0 0 12 0 0 0 0 41 0 0 45 0 0 0 0 0 0 0 0 0 0 26 0 47 59 0 0 0 0 0 0 0 
0 0 0 0 0 0 0 32 47 30 11 41 36 0 0 0 32 0 0 0 10 0 0 42 0 14 0 0 0 53 48 0 0 15 35 0 0 0 9 0 0 7 0 0 0 0 0 34 17 0 0 0 0 0 0 0 0 0 53 0 
51 26 21 17 0 0 0 0 0 0 0 59 0 0 0 0 0 0 0 0 0 0 0 56 0 0 15 0 0 48 0 47 19 0 0 28 31 0 18 0 31 0 0 0 0 25 0 0 0 0 52 0 38 0 25 23 0 0 0 12 
0 0 0 40 0 0 33 0 0 0 0 0 0 52 0 0 0 0 0 40 23 0 0 60 0 0 0 23 0 0 27 0 50 0 57 0 0 0 0 0 0 42 49 39 0 0 0 12 0 0 0 0 0 0 0 14 0 0 16 0 
0 0 50 0 0 31 0 50 21 0 0 0 0 0 0 0 0 0 0 45 0 9 0 0 0 0 0 9 0 0 0 0 0 0 0 0 0 0 33 42 0 47 0 34 0 0 27 0 7 31 0 0 0 0 0 43 0 0 0 0 
0 0 0 0 17 8 0 0 0 25 0 0 0 0 0 47 54 57 0 0 44 0 47 0 0 29 48 0 0 0 0 50 0 0 0 0 52 0 0 0 0 0 53 0 0 44 13 0 0 0 0 0 0 0 0 22 0 0 0 0 
0 14 46 44 0 0 45 22 0 0 35 0 0 0 0 0 0 0 0 0 0 0 0 0 0 0 0 0 0 0 25 60 18 18 0 60 0 0 18 0 0 0 23 41 0 0 0 45 0 0 0 50 0 53 0 0 0 0 0 0 
35 46 0 0 0 0 0 0 0 0 0 0 0 0 0 59 0 6 0 0 0 16 23 23 0 0 0 51 0 0 0 0 0 0 0 20 0 0 0 0 0 0 0 0 54 0 0 0 0 39 0 28 0 12 0 0 0 0 0 0 
0 0 28 0 0 0 0 0 53 50 25 0 39 15 0 0 0 30 0 39 0 28 0 0 49 0 33 0 13 0 0 0 13 0 0 0 0 0 59 32 0 58 0 0 9 0 0 0 0 0 0 0 0 0 7 32 44 0 0 0 
0 0 9 0 12 0 0 0 0 0 0 0 53 0 0 8 58 0 18 0 0 0 0 0 0 0 25 0 0 0 29 40 0 0 0 33 9 0 0 0 0 0 0 0 0 0 6 40 43 0 0 42 0 0 0 0 0 0 27 0 
0 0 27 0 16 58 0 0 0 0 0 54 0 0 0 0 0 0 34 21 0 0 0 0 0 41 0 0 0 23 0 51 0 0 0 38 0 8 0 0 38 0 0 0 0 0 0 0 0 19 0 0 0 0 0 0 0 0 31 0 
0 0 0 0 0 0 0 0 0 0 60 0 0 0 0 0 14 0 28 0 25 41 0 0 0 0 0 0 0 0 0 48 0 0 0 16 28 0 0 51 23 0 0 0 37 0 28 12 0 11 55 0 0 0 0 53 0 0 0 0 
0 0 0 0 43 0 11 0 0 0 0 0 0 35 0 0 0 0 31 18 17 0 0 0 0 0 0 0 0 0 11 0 0 0 0 9 9 0 40 0 0 0 58 0 0 0 0 0 0 6 54 0 0 17 54 0 0 0 0 0 
0 0 0 0 0 0 0 0 0 0 0 0 58 0 38 0 0 30 14 35 0 0 0 0 0 15 41 55 0 16 0 6 0 0 17 0 0 0 0 0 0 0 35 0 0 0 0 0 31 0 0 0 0 0 0 36 37 59 0 0 
46 0 55 0 0 0 0 10 0 56 0 7 0 0 0 0 0 0 0 0 56 11 11 47 0 25 0 0 0 0 9 0 0 10 0 51 0 56 15 33 0 0 0 0 0 0 23 0 0 9 16 0 0 0 14 0 0 0 16 0 
0 36 0 0 0 35 0 53 28 0 0 0 0 0 0 0 0 0 14 0 28 0 0 41 0 0 0 0 11 0 0 8 0 0 46 0 41 36 0 0 0 44 0 0 24 0 56 26 26 0 7 36 0 0 0 0 43 0 12 0 
0 0 6 0 0 0 0 0 0 0 0 28 0 26 0 0 35 0 0 0 0 0 31 0 58 0 0 0 52 0 0 0 14 0 0 0 0 0 0 0 0 0 0 0 0 0 0 0 0 0 36 29 17 0 0 0 6 0 0 39 
0 25 0 0 0 42 0 0 0 48 60 31 0 0 0 0 0 0 17 0 0 0 0 9 0 0 0 0 0 0 0 0 59 40 44 32 0 50 33 0 20 0 0 0 0 0 0 0 0 55 33 0 0 0 0 0 0 45 0 0 
0 0 48 56 0 0 0 43 6 0 0 0 52 0 16 0 0 0 0 39 0 0 0 0 0 0 0 30 0 0 0 0 0 0 39 25 0 0 0 0 0 0 31 9 0 0 0 30 0 0 42 35 53 0 0 0 9 0 0 35 
59 0 0 0 0 0 22 0 0 0 0 0 43 0 0 0 0 0 0 0 0 0 50 0 0 0 0 0 0 0 0 0 0 0 0 0 35 0 0 0 60 0 0 0 0 0 0 0 0 45 0 34 0 0 16 39 0 37 0 0 
0 0 0 0 0 0 0 51 57 60 21 44 0 7 0 0 0 0 21 0 57 0 0 0 0 0 0 39 0 0 41 0 54 32 45 0 26 0 0 0 0 0 0 53 45 0 43 0 27 0 0 0 45 12 51 0 23 0 0 39 
0 35 0 38 0 0 55 39 40 0 0 0 0 0 0 0 0 0 0 21 0 0 10 0 0 0 0 46 0 0 0 0 17 0 0 0 0 0 0 0 0 0 0 0 0 0 37 8 0 0 0 0 0 0 0 0 0 43 0 0 
0 37 41 0 0 48 0 20 36 40 0 0 0 0 41 0 0 0 30 0 0 0 0 24 0 0 0 0 0 0 0 40 15 45 29 59 0 0 0 0 0 11 0 0 0 33 32 0 0 0 11 0 37 0 27 0 0 0 0 0 
9 0 56 0 7 0 0 0 0 0 0 0 19 0 0 0 33 6 7 0 0 52 0 0 0 39 0 0 0 58 0 7 0 0 20 0 25 0 0 33 0 0 0 0 0 0 31 0 0 0 0 0 0 0 49 56 43 0 0 22 
0 16 0 0 16 0 0 0 34 0 0 0 0 0 0 0 0 17 0 40 0 0 0 0 0 20 0 0 0 0 0 0 0 0 38 16 0 7 10 8 0 48 56 0 25 0 0 18 15 0 0 30 0 0 34 31 0 0 0 0 
0 0 29 0 0 0 24 0 53 0 0 0 0 31 0 0 0 0 0 0 0 0 0 24 0 0 0 0 0 0 11 0 0 0 0 0 31 0 0 0 0 0 0 30 19 36 0 10 0 10 0 0 59 0 0 0 13 0 0 0 
0 25 46 0 36 0 0 0 40 0 0 0 0 19 48 51 0 0 0 0 0 0 0 0 8 0 0 44 0 51 0 17 0 0 0 0 0 0 0 0 0 29 39 0 0 0 0 0 0 10 0 0 44 0 0 0 0 0 0 0 
0 6 28 35 33 28 0 0 0 0 33 31 0 0 0 0 29 0 0 39 0 0 11 0 0 0 0 42 0 22 0 0 0 33 17 0 39 0 0 0 0 0 0 0 53 0 0 0 0 0 0 0 0 7 0 27 0 0 0 0 
32 0 0 25 58 29 0 0 7 0 0 14 25 0 33 0 0 0 9 31 0 23 42 0 0 0 0 0 0 0 54 0 0 0 0 0 0 0 19 0 36 0 18 0 53 31 9 0 0 0 0 0 0 8 0 0 0 58 17 0 
0 0 0 0 0 0 36 0 54 0 41 8 0 0 19 0 52 53 0 0 12 0 54 0 10 0 0 0 0 0 0 0 0 26 13 0 0 0 37 0 0 0 0 43 0 21 54 23 0 0 0 51 0 0 0 0 0 59 46 0 
36 0 0 0 17 0 0 0 0 0 26 0 0 59 0 0 0 11 26 0 0 0 47 50 0 0 0 0 18 0 0 0 0 0 0 0 0 0 0 0 0 0 35 0 0 11 0 0 23 0 8 0 0 0 44 0 0 0 14 0 
48 0 0 0 0 0 13 0 0 0 0 0 0 0 0 0 0 0 0 57 0 0 0 0 12 0 0 8 0 0 52 58 0 0 0 0 0 0 0 0 0 0 0 7 40 0 0 20 0 0 0 0 0 0 0 0 0 0 0 14 

18 0 23 0 0 0 0 0 0 0 20 0 0 0 0 25 15 0 17 25 0 0 24 16 21 0 0 0 0 0 15 0 0 0 18 0 0 0 0 0 0 0 0 0 0 23 0 25 0 16 0 0 0 0 0 0 20 25 0 24 
0 22 0 24 24 0 17 17 0 0 0 0 0 23 0 0 0 0 0 16 0 0 0 0 0 0 24 22 0 0 0 0 0 0 16 0 0 20 0 0 17 0 17 0 0 0 0 19 0 0 16 0 0 0 21 20 0 0 22 0 
0 0 19 0 0 0 0 0 22 0 0 19 0 0 0 17 0 0 0 0 0 0 0 0 0 24 0 22 0 0 15 0 0 0 0 0 19 0 0 19 0 21 0 0 0 16 0 20 25 0 0 0 16 0 24 0 0 0 0 0 
23 15 24 23 0 0 22 22 0 23 17 0 0 0 0 15 0 16 0 24 0 17 0 0 0 17 0 0 0 0 18 0 21 0 0 0 19 0 17 0 0 21 0 22 23 0 0 24 0 0 0 0 0 0 0 0 0 0 0 0 
18 0 0 0 17 17 0 0 0 0 0 23 0 0 0 0 0 24 0 0 0 0 0 16 0 0 0 0 0 19 20 0 0 0 23 0 25 25 0 0 0 0 0 24 0 0 23 0 0 0 0 0 0 0 0 0 20 18 0 0 
0 0 18 0 0 0 19 0 20 15 0 0 0 19 0 0 0 0 0 0 0 0 0 0 18 0 22 0 0 0 0 0 0 0 0 0 0 0 15 0 20 0 0 0 25 0 25 0 19 0 0 0 0 0 25 15 0 0 15 25 
21 0 0 0 0 0 0 0 0 0 0 0 20 0 0 22 19 0 16 0 0 0 0 19 0 25 0 22 17 0 0 0 0 0 0 0 24 0 24 17 0 0 21 17 0 0 15 15 0 25 18 17 0 17 22 18 0 0 0 0 
0 0 0 0 0 0 22 19 0 0 0 24 0 24 0 0 0 0 21 0 0 0 0 22 23 0 15 0 16 0 0 23 0 0 0 0 0 0 15 0 0 0 18 0 0 0 15 0 0 22 18 25 0 0 22 0 0 0 25 22 
22 0 0 20 0 0 21 0 15 0 0 0 24 0 24 0 19 0 0 0 25 15 23 16 24 0 0 0 15 0 0 0 0 0 0 0 17 0 0 0 0 0 0 0 15 0 0 17 0 16 23 0 0 23 21 23 0 0 0 0 
0 0 0 0 0 15 0 0 0 0 21 0 0 0 0 0 19 25 25 0 0 0 0 0 0 0 0 0 0 0 0 0 0 0 0 15 17 25 0 0 0 0 17 0 18 0 0 0 0 15 15 25 23 0 0 0 15 0 24 0 
0 22 0 0 0 0 19 0 24 0 0 0 0 0 0 0 0 0 18 0 22 16 0 0 17 0 0 18 0 0 0 0 0 0 0 0 0 0 19 0 0 0 0 23 17 0 0 24 22 0 0 0 0 0 0 0 0 0 0 18 
0 0 0 0 0 0 0 0 21 18 0 22 0 0 0 16 0 0 0 20 0 0 0 0 21 0 0 0 0 0 0 24 0 22 23 0 0 20 0 0 24 0 0 25 0 0 0 0 16 0 0 23 0 0 19 21 17 0 0 0 
0 0 25 0 17 20 0 17 20 0 25 19 19 0 0 0 0 0 19 0 0 0 0 0 0 0 17 0 25 0 0 0 17 0 0 0 0 0 19 0 0 0 0 0 0 0 0 0 0 22 0 0 0 20 25 0 0 25 22 0 
0 0 15 21 23 0 20 0 0 25 0 0 0 24 18 0 0 0 25 0 20 0 0 0 0 17 0 0 0 0 0 21 0 0 25 0 0 0 0 0 0 0 0 15 0 24 0 0 19 0 0 0 0 0 0 0 0 0 0 22 
0 0 0 0 0 0 0 0 0 24 20 17 0 0 0 22 0 24 0 0 0 21 0 23 0 22 24 0 0 0 0 0 0 16 0 25 0 0 0 0 20 0 0 22 0 0 0 0 0 0 0 0 0 0 0 19 0 0 0 24 
0 0 18 0 0 22 18 20 17 0 19 0 0 0 0 0 0 23 0 0 0 0 20 19 0 25 0 22 0 22 0 0 18 16 17 0 0 0 17 0 0 0 0 0 0 22 0 23 0 0 0 21 0 0 0 0 18 0 0 15 
0 25 0 0 0 23 0 0 0 0 0 0 0 0 17 0 18 0 0 23 22 19 0 24 0 0 0 0 0 0 23 0 0 20 17 20 20 0 0 0 0 15 0 17 0 18 19 18 19 0 0 0 0 0 19 23 17 0 0 24 
0 0 0 0 0 0 0 0 0 0 25 0 25 20 0 0 0 24 0 0 0 0 19 0 0 0 0 0 18 0 0 17 25 0 20 0 0 20 0 0 16 20 0 18 0 0 0 0 0 0 0 0 16 0 0 0 23 0 0 15 
0 0 20 0 16 0 0 0 18 0 0 0 0 25 0 22 21 17 0 0 0 0 0 0 0 0 20 0 24 21 0 0 0 0 0 22 0 22 0 0 0 0 18 0 0 0 20 0 0 0 0 24 0 0 0 0 19 23 0 0 
0 0 0 0 25 0 0 0 0 0 0 0 0 18 0 18 0 0 0 0 0 23 0 0 0 15 0 0 0 0 0 19 18 0 0 16 0 0 0 23 18 0 0 0 17 0 22 0 18 19 25 20 0 0 23 18 0 21 0 0 
0 0 0 16 0 0 0 0 0 0 0 0 0 0 0 24 0 0 16 0 0 16 22 23 0 0 19 20 22 0 0 0 0 19 0 0 0 17 0 19 16 25 0 0 0 24 15 15 0 20 25 0 0 0 19 0 15 20 23 0 
24 0 0 0 0 0 0 0 19 17 0 0 0 18 0 0 0 0 0 0 22 0 0 0 0 22 17 19 0 0 0 23 0 0 0 0 0 22 0 19 0 0 0 0 0 0 0 21 20 23 0 0 0 0 0 19 0 21 0 0 
0 17 0 15 0 0 0 0 0 0 0 0 0 0 24 0 0 21 0 15 0 20 24 22 0 0 0 23 0 0 0 0 19 15 24 0 19 21 24 0 0 0 20 24 24 15 0 20 0 20 0 0 0 22 24 0 0 0 0 23 
0 0 0 0 0 0 20 0 23 25 20 16 0 0 23 0 0 0 22 20 0 0 0 0 0 24 0 0 0 0 21 23 0 0 18 24 20 23 0 0 0 0 25 0 0 0 19 0 0 0 0 0 0 0 0 18 0 0 0 0 
24 0 19 0 19 16 16 24 0 0 25 0 19 0 17 0 0 0 0 0 0 0 0 0 0 18 18 0 17 0 0 0 0 25 0 0 0 0 19 15 0 15 0 0 0 0 18 0 0 0 0 0 0 0 0 0 0 0 0 0 
0 0 0 19 21 19 25 0 0 0 0 17 0 21 18 0 0 0 21 19 0 18 23 0 0 24 0 0 0 0 24 0 0 0 0 0 0 0 0 0 0 24 23 0 0 0 0 0 20 0 23 0 0 21 0 18 0 23 22 16 
21 0 23 0 0 0 0 0 22 0 0 0 15 0 18 25 0 0 0 0 21 17 24 0 0 0 0 24 0 0 18 0 23 18 0 0 0 0 16 0 19 18 0 0 0 22 25 0 0 0 0 0 25 0 0 22 0 0 18 17 
21 22 25 18 0 0 0 24 0 0 0 0 0 23 17 18 0 19 0 0 0 0 0 0 0 0 0 0 24 0 0 0 0 0 0 0 0 16 0 19 0 0 0 25 16 0 17 0 24 0 16 0 0 0 21 0 0 0 0 0 
18 0 0 0 21 0 24 0 21 17 22 0 0 0 20 16 0 23 0 23 23 0 0 25 0 0 18 23 0 0 19 0 0 0 0 16 0 0 19 0 0 0 0 0 0 0 0 0 0 18 0 20 25 0 0 0 0 0 0 0 
0 0 0 0 0 0 0 23 21 21 24 23 15 0 0 0 21 0 0 0 25 0 0 18 0 22 0 0 0 21 22 0 0 23 21 0 0 0 25 0 0 23 0 0 0 0 0 24 25 0 0 0 0 0 0 0 0 0 19 0 
20 16 17 18 0 0 0 0 0 0 0 22 0 0 0 0 0 0 0 0 0 0 0 22 0 0 22 0 0 25 0 15 20 0 0 24 24 0 22 0 16 0 0 0 0 24 0 0 0 0 25 0 25 0 20 22 0 0 0 15 
0 0 0 15 0 0 23 0 0 0 0 0 0 19 0 0 0 0 0 22 20 0 0 15 0 0 0 21 0 0 21 0 25 0 15 0 0 0 0 0 0 20 22 21 0 0 0 17 0 0 0 0 0 0 0 25 0 0 20 0 
0 0 15 0 0 16 0 20 18 0 0 0 0 0 0 0 0 0 0 19 0 25 0 0 0 0 0 16 0 0 0 0 0 0 0 0 0 0 15 15 0 25 0 25 0 0 25 0 21 22 0 0 0 0 0 23 0 0 0 0 
0 0 0 0 21 16 0 0 0 15 0 0 0 0 0 16 16 17 0 0 15 0 20 0 0 17 22 0 0 0 0 23 0 0 0 0 25 0 0 0 0 0 21 0 0 23 23 0 0 0 0 0 0 0 0 16 0 0 0 0 
0 22 15 15 0 0 22 23 0 0 20 0 0 0 0 0 0 0 0 0 0 0 0 0 0 0 0 0 0 0 19 23 23 19 0 25 0 0 21 0 0 0 25 25 0 0 0 17 0 0 0 25 0 15 0 0 0 0 0 0 
23 24 0 0 0 0 0 0 0 0 0 0 0 0 0 24 0 17 0 0 0 24 16 25 0 0 0 21 0 0 0 0 0 0 0 20 0 0 0 0 0 0 0 0 18 0 0 0 0 15 0 20 0 15 0 0 0 0 0 0 
0 0 18 0 0 0 0 0 25 17 16 0 18 16 0 0 0 19 0 21 0 20 0 0 21 0 18 0 21 0 0 0 25 0 0 0 0 0 20 25 0 19 0 0 25 0 0 0 0 0 0 0 0 0 18 25 17 0 0 0 
0 0 21 0 16 0 0 0 0 0 0 0 22 0 0 22 25 0 24 0 0 0 0 0 0 0 19 0 0 0 22 22 0 0 0 22 20 0 0 0 0 0 0 0 0 0 16 15 21 0 0 21 0 0 0 0 0 0 19 0 
0 0 15 0 22 21 0 0 0 0 0 24 0 0 0 0 0 0 17 25 0 0 0 0 0 21 0 0 0 21 0 15 0 0 0 15 0 22 0 0 23 0 0 0 0 0 0 0 0 17 0 0 0 0 0 0 0 0 15 0 
0 0 0 0 0 0 0 0 0 0 17 0 0 0 0 0 17 0 19 0 15 22 0 0 0 0 0 0 0 0 0 24 0 0 0 18 18 0 0 24 23 0 0 0 25 0 16 19 0 19 21 0 0 0 0 16 0 0 0 0 
0 0 0 0 22 0 19 0 0 0 0 0 0 24 0 0 0 0 25 24 24 0 0 0 0 0 0 0 0 0 19 0 0 0 0 18 25 0 22 0 0 0 17 0 0 0 0 0 0 21 19 0 0 15 15 0 0 0 0 0 
0 0 0 0 0 0 0 0 0 0 0 0 17 0 24 0 0 15 25 23 0 0 0 0 0 16 21 24 0 16 0 24 0 0 21 0 0 0 0 0 0 0 19 0 0 0 0 0 20 0 0 0 0 0 0 15 22 21 0 0 
24 0 23 0 0 0 0 16 0 18 0 22 0 0 0 0 0 0 0 0 22 17 17 15 0 16 0 0 0 0 19 0 0 17 0 17 0 22 21 25 0 0 0 0 0 0 18 0 0 23 16 0 0 0 15 0 0 0 24 0 
0 20 0 0 0 22 0 15 25 0 0 0 0 0 0 0 0 0 18 0 17 0 0 23 0 0 0 0 16 0 0 17 0 0 20 0 15 18 0 0 0 19 0 0 18 0 23 16 21 0 25 23 0 0 0 0 17 0 17 0 
0 0 22 0 0 0 0 0 0 0 0 16 0 23 0 0 17 0 0 0 0 0 23 0 23 0 0 0 23 0 0 0 18 0 0 0 0 0 0 0 0 0 0 0 0 0 0 0 0 0 19 22 20 0 0 0 22 0 0 15 
0 20 0 0 0 19 0 0 0 15 22 23 0 0 0 0 0 0 15 0 0 0 0 23 0 0 0 0 0 0 0 0 19 17 22 21 0 17 20 0 17 0 0 0 0 0 0 0 0 24 25 0 0 0 0 0 0 15 0 0 
0 0 17 23 0 0 0 22 19 0 0 0 23 0 19 0 0 0 0 24 0 0 0 0 0 0 0 23 0 0 0 0 0 0 20 16 0 0 0 0 0 0 17 21 0 0 0 23 0 0 18 22 25 0 0 0 24 0 0 20 
16 0 0 0 0 0 24 0 0 0 0 0 21 0 0 0 0 0 0 0 0 0 15 0 0 0 0 0 0 0 0 0 0 0 0 0 16 0 0 0 20 0 0 0 0 0 0 0 0 19 0 15 0 0 17 20 0 21 0 0 
0 0 0 0 0 0 0 23 20 24 23 25 0 16 0 0 0 0 23 0 21 0 0 0 0 0 0 19 0 0 22 0 19 24 18 0 24 0 0 0 0 0 0 15 17 0 18 0 16 0 0 0 23 19 17 0 22 0 0 17 
0 21 0 21 0 0 20 19 25 0 0 0 0 0 0 0 0 0 0 21 0 0 19 0 0 0 0 19 0 0 0 0 19 0 0 0 0 0 0 0 0 0 0 0 0 0 21 23 0 0 0 0 0 0 0 0 0 20 0 0 
0 15 22 0 0 21 0 18 15 25 0 0 0 0 23 0 0 0 24 0 0 0 0 23 0 0 0 0 0 0 0 23 20 24 19 19 0 0 0 0 0 19 0 0 0 25 22 0 0 0 19 0 17 0 25 0 0 0 0 0 
25 0 24 0 18 0 0 0 0 0 0 0 16 0 0 0 22 22 18 0 0 16 0 0 0 25 0 0 0 17 0 24 0 0 25 0 21 0 0 19 0 0 0 0 0 0 17 0 0 0 0 0 0 0 25 21 25 0 0 25 
0 23 0 0 16 0 0 0 21 0 0 0 0 0 0 0 0 25 0 24 0 0 0 0 0 18 0 0 0 0 0 0 0 0 24 23 0 16 25 24 0 24 19 0 24 0 0 19 24 0 0 17 0 0 19 20 0 0 0 0 
0 0 19 0 0 0 22 0 23 0 0 0 0 16 0 0 0 0 0 0 0 0 0 22 0 0 0 0 0 0 25 0 0 0 0 0 20 0 0 0 0 0 0 22 21 15 0 21 0 18 0 0 25 0 0 0 24 0 0 0 
0 24 18 0 18 0 0 0 20 0 0 0 0 17 15 22 0 0 0 0 0 0 0 0 23 0 0 18 0 15 0 15 0 0 0 0 0 0 0 0 0 20 15 0 0 0 0 0 0 18 0 0 15 0 0 0 0 0 0 0 
0 19 20 16 18 23 0 0 0 0 18 20 0 0 0 0 21 0 0 19 0 0 23 0 0 0 0 16 0 22 0 0 0 19 19 0 18 0 0 0 0 0 0 0 25 0 0 0 0 0 0 0 0 22 0 16 0 0 0 0 
15 0 0 17 23 23 0 0 24 0 0 21 21 0 21 0 0 0 16 15 0 24 22 0 0 0 0 0 0 0 18 0 0 0 0 0 0 0 16 0 17 0 18 0 23 19 16 0 0 0 0 0 0 20 0 0 0 24 17 0 
0 0 0 0 0 0 25 0 16 0 21 22 0 0 15 0 22 22 0 0 19 0 16 0 19 0 0 0 0 0 0 0 0 19 21 0 0 0 16 0 0 0 0 24 0 16 16 23 0 0 0 19 0 0 0 0 0 19 18 0 
19 0 0 0 22 0 0 0 0 0 20 0 0 25 0 0 0 19 19 0 0 0 25 20 0 0 0 0 23 0 0 0 0 0 0 0 0 0 0 0 0 0 19 0 0 15 0 0 16 0 19 0 0 0 23 0 0 0 15 0 
20 0 0 0 0 0 22 0 0 0 0 0 0 0 0 0 0 0 0 19 0 0 0 0 24 0 0 25 0 0 19 15 0 0 0 0 0 0 0 0 0 0 0 15 25 0 0 17 0 0 0 0 0 0 0 0 0 0 0 21 
